# Data from Blakely, J. N., Eskridge, M. B., & Corron, N. J. (2007). A simple Lorenz circuit and its radio frequency implementation. Chaos: An Interdisciplinary Journal of Nonlinear Science, 17(2), 023112.
# Do not remove this attribution.
3.14383
3.03834
2.92938
2.82840
2.74095
2.65971
2.57448
2.48601
2.40503
2.33741
2.27477
2.20421
2.12605
2.05670
2.01114
1.98554
1.96198
1.93069
1.90247
1.89512
1.90957
1.92584
1.92606
1.91906
1.93682
2.00510
2.11975
2.25407
2.38826
2.52932
2.70249
2.92654
3.19845
3.49852
3.80509
4.10336
4.38486
4.64390
4.87529
5.07189
5.22206
5.31174
5.33339
5.29429
5.21377
5.10968
4.98745
4.84346
4.67811
4.50264
4.33147
4.17013
4.01373
3.85792
3.70800
3.57448
3.46021
3.35527
3.24596
3.12768
3.00699
2.89215
2.78450
2.68027
2.57846
2.48326
2.39834
2.32131
2.24597
2.16935
2.09402
2.02313
1.95569
1.88886
1.82368
1.76502
1.71440
1.66536
1.60954
1.54823
1.49449
1.46074
1.44406
1.42685
1.39411
1.34956
1.31277
1.30007
1.30956
1.32564
1.33678
1.34690
1.36999
1.41686
1.48951
1.58717
1.71354
1.87576
2.07770
2.31774
2.59407
2.90938
3.26702
3.66182
4.07630
4.48678
4.87202
5.21436
5.49442
5.68992
5.78479
5.78119
5.70085
5.57229
5.41500
5.23486
5.03261
4.81472
4.59571
4.39100
4.20854
4.04616
3.89544
3.74845
3.60326
3.46487
3.34030
3.23076
3.12850
3.02306
2.91219
2.80519
2.71278
2.63368
2.55424
2.46412
2.37086
2.29454
2.24574
2.21140
2.16687
2.10267
2.03581
1.99187
1.97764
1.97578
1.96764
1.95701
1.96676
2.01239
2.08408
2.15876
2.22795
2.30928
2.42910
2.59708
2.80102
3.02469
3.26524
3.53009
3.81945
4.11702
4.39952
4.65226
4.87244
5.05851
5.20065
5.28464
5.30409
5.26680
5.18885
5.08418
4.96023
4.82074
4.66939
4.50953
4.34300
4.17188
4.00196
3.84252
3.70088
3.57675
3.46245
3.34927
3.23362
3.11786
3.00604
2.89959
2.79701
2.69686
2.60018
2.50980
2.42717
2.35023
2.27497
2.19959
2.12702
2.06268
2.00876
1.96098
1.91183
1.85778
1.80318
1.75661
1.72309
1.70029
1.68230
1.66667
1.65761
1.66265
1.68689
1.73016
1.78859
1.85855
1.94063
2.04204
2.17564
2.35431
2.58293
2.85428
3.15339
3.46738
3.79155
4.12567
4.46444
4.79160
5.08289
5.31438
5.46945
5.54225
5.53914
5.47746
5.37879
5.25785
5.11554
4.94475
4.74517
4.53250
4.33128
4.15778
4.01028
3.87574
3.74381
3.61255
3.48254
3.35072
3.21364
3.07535
2.94764
2.83966
2.74882
2.66399
2.57721
2.48936
2.40395
2.31881
2.22811
2.13258
2.04355
1.97313
1.92093
1.87345
1.81749
1.75247
1.68798
1.63112
1.57969
1.52816
1.47690
1.43181
1.39544
1.36226
1.32488
1.28335
1.24550
1.21799
1.19958
1.18440
1.17007
1.15992
1.15793
1.16483
1.18108
1.21124
1.26161
1.33304
1.41978
1.51893
1.64020
1.80271
2.02017
2.29077
2.60359
2.95317
3.34333
3.77425
4.22788
4.66989
5.06691
5.39990
5.66039
5.83795
5.91808
5.89517
5.78451
5.61692
5.41988
5.20541
4.97672
4.74308
4.52300
4.33140
4.16637
4.01224
3.85614
3.69979
3.55477
3.42850
3.31733
3.21261
3.11005
3.01113
2.91703
2.82465
2.73011
2.63452
2.54424
2.46548
2.39965
2.34417
2.29587
2.25248
2.21212
2.17440
2.14302
2.12556
2.12769
2.14712
2.17502
2.20527
2.24240
2.29930
2.38678
2.50591
2.65036
2.81463
2.99839
3.20362
3.42964
3.67213
3.92504
4.18071
4.42745
4.64973
4.83373
4.97361
5.07115
5.12890
5.14476
5.11454
5.03942
4.92920
4.79802
4.65793
4.51674
4.37931
4.24704
4.11552
3.97620
3.82492
3.66992
3.52821
3.41137
3.31451
3.22114
3.11895
3.00966
2.90303
2.80419
2.70989
2.61670
2.52828
2.45111
2.38452
2.31947
2.24950
2.18020
2.12385
2.08438
2.05118
2.01059
1.96233
1.92159
1.90398
1.91082
1.93111
1.95636
1.99054
2.04491
2.12629
2.23304
2.36142
2.51228
2.69001
2.89729
3.13330
3.39590
3.68152
3.98055
4.27506
4.54518
4.77929
4.97652
5.13811
5.25768
5.32246
5.32446
5.26864
5.16927
5.03999
4.88943
4.72498
4.55652
4.39302
4.23658
4.08313
3.93043
3.78331
3.64865
3.52602
3.40634
3.28156
3.15447
3.03634
2.93451
2.84398
2.75266
2.65437
2.55504
2.46578
2.39075
2.32275
2.25025
2.16824
2.08261
2.00476
1.94220
1.89283
1.84736
1.79727
1.74193
1.68915
1.64851
1.62336
1.60845
1.59531
1.58031
1.56824
1.56929
1.59264
1.64188
1.71436
1.80409
1.90692
2.02585
2.17208
2.35897
2.59232
2.86589
3.16762
3.49037
3.83448
4.19772
4.56337
4.90117
5.18202
5.39173
5.53000
5.59898
5.59719
5.52642
5.40089
5.24427
5.07553
4.89968
4.71384
4.52035
4.33021
4.15373
3.99150
3.83776
3.69062
3.55473
3.43275
3.31806
3.20008
3.07613
2.95429
2.84315
2.74162
2.64218
