# Data from Blakely, J. N., Eskridge, M. B., & Corron, N. J. (2007). A simple Lorenz circuit and its radio frequency implementation. Chaos: An Interdisciplinary Journal of Nonlinear Science, 17(2), 023112.
# Do not remove this attribution.
0.46936
0.43150
0.40555
0.39604
0.40144
0.41401
0.42427
0.42706
0.42493
0.42674
0.44196
0.47412
0.51795
0.56313
0.60253
0.63838
0.68045
0.73747
0.81004
0.89191
0.97792
1.06937
1.17118
1.28473
1.40550
1.52825
1.65310
1.78468
1.92587
2.07434
2.22649
2.38245
2.54376
2.70464
2.84811
2.95425
3.01391
3.03291
3.02125
2.97886
2.89403
2.75702
2.57433
2.36805
2.16075
1.96134
1.76511
1.56596
1.36709
1.18024
1.01607
0.87631
0.75452
0.64348
0.54173
0.45367
0.38390
0.33105
0.28702
0.24324
0.19880
0.16242
0.14459
0.14639
0.15618
0.15872
0.14863
0.13432
0.12837
0.13447
0.14499
0.15111
0.15360
0.16196
0.18329
0.21385
0.24255
0.26199
0.27483
0.28986
0.31337
0.34535
0.38305
0.42592
0.47626
0.53585
0.60312
0.67388
0.74467
0.81585
0.89279
0.98417
1.09755
1.23464
1.39014
1.55595
1.72729
1.90484
2.09116
2.28625
2.48746
2.69190
2.89491
3.08374
3.23512
3.32531
3.34655
3.31277
3.24455
3.14613
2.99933
2.78363
2.50339
2.19320
1.89431
1.62593
1.37992
1.14172
0.91241
0.70836
0.54193
0.40710
0.28607
0.16755
0.05569
-0.03857
-0.11124
-0.16857
-0.21851
-0.26290
-0.29944
-0.32906
-0.35837
-0.39412
-0.43705
-0.48235
-0.52547
-0.56604
-0.60622
-0.64704
-0.68786
-0.72921
-0.77485
-0.83011
-0.89830
-0.97880
-1.06845
-1.16416
-1.26466
-1.37028
-1.48200
-1.60073
-1.72744
-1.86350
-2.01045
-2.16807
-2.33186
-2.49235
-2.63839
-2.76275
-2.86516
-2.94927
-3.01540
-3.05549
-3.05551
-3.00432
-2.90227
-2.76273
-2.60462
-2.44088
-2.27168
-2.08834
-1.88576
-1.67284
-1.47012
-1.29505
-1.14848
-1.01678
-0.88863
-0.76864
-0.67203
-0.60543
-0.55614
-0.50381
-0.44249
-0.38705
-0.35537
-0.34663
-0.34210
-0.32780
-0.31142
-0.31160
-0.33240
-0.35520
-0.36017
-0.35193
-0.35669
-0.39199
-0.44484
-0.48561
-0.50240
-0.51519
-0.55246
-0.61860
-0.69089
-0.74913
-0.80139
-0.87456
-0.98204
-1.10773
-1.22516
-1.32757
-1.43334
-1.56229
-1.71336
-1.86984
-2.02263
-2.18098
-2.35745
-2.54709
-2.72730
-2.87845
-3.00022
-3.10429
-3.19299
-3.24895
-3.24736
-3.17684
-3.04743
-2.88009
-2.69054
-2.48277
-2.25513
-2.01068
-1.76187
-1.52625
-1.31675
-1.13413
-0.96837
-0.80947
-0.65857
-0.52815
-0.42947
-0.35936
-0.30122
-0.24018
-0.17645
-0.12234
-0.08682
-0.06548
-0.04679
-0.02570
-0.00747
0.00216
0.00748
0.02039
0.04761
0.08234
0.10919
0.11658
0.10478
0.08500
0.07313
0.08210
0.11395
0.15527
0.18329
0.18358
0.16573
0.15927
0.18903
0.25224
0.32125
0.36999
0.39691
0.42157
0.46168
0.51779
0.58026
0.64554
0.72010
0.80963
0.91121
1.02009
1.14077
1.28418
1.45197
1.62892
1.79716
1.95793
2.13324
2.34195
2.57571
2.80297
2.99712
3.15648
3.29321
3.40494
3.46389
3.43769
3.31993
3.13681
2.92317
2.69403
2.44080
2.15289
1.83958
1.52949
1.25041
1.01118
0.80205
0.60983
0.43117
0.27251
0.13986
0.03064
-0.06433
-0.15169
-0.22939
-0.29028
-0.33213
-0.36325
-0.39713
-0.44082
-0.48927
-0.53215
-0.56616
-0.59936
-0.64267
-0.69818
-0.75762
-0.81252
-0.86424
-0.92248
-0.99481
-1.07966
-1.17015
-1.26238
-1.35751
-1.45646
-1.55660
-1.65675
-1.76410
-1.89149
-2.04420
-2.21001
-2.36564
-2.49513
-2.60150
-2.69881
-2.79331
-2.87423
-2.92379
-2.93399
-2.91060
-2.86058
-2.77987
-2.65824
-2.49713
-2.31829
-2.14928
-1.99880
-1.84939
-1.67852
-1.48723
-1.30454
-1.16072
-1.05727
-0.96682
-0.86399
-0.75345
-0.66352
-0.61280
-0.58786
-0.55831
-0.51207
-0.47000
-0.46197
-0.49120
-0.52751
-0.53774
-0.51943
-0.50133
-0.51193
-0.55204
-0.59935
-0.63543
-0.66273
-0.69577
-0.74212
-0.79750
-0.85737
-0.92639
-1.01235
-1.11381
-1.21921
-1.31992
-1.42074
-1.53456
-1.66733
-1.81143
-1.95463
-2.09311
-2.23368
-2.38404
-2.54277
-2.69871
-2.83737
-2.94698
-3.02100
-3.05848
-3.06256
-3.03581
-2.97482
-2.87139
-2.72212
-2.53763
-2.33896
-2.14223
-1.94770
-1.74640
-1.53768
-1.33685
-1.16296
-1.02048
-0.89669
-0.77807
-0.66627
-0.57492
-0.51167
-0.46739
-0.42513
-0.37779
-0.33413
-0.30741
-0.30076
-0.30493
-0.30817
-0.30597
-0.30157
-0.30034
-0.30515
-0.31557
-0.32877
-0.34138
-0.35288
-0.36825
-0.39506
-0.43547
-0.48208
-0.52462
-0.56214
-0.60590
-0.66719
-0.74321
-0.81911
-0.88609
-0.95493
-1.04709
-1.17160
-1.31409
-1.45140
-1.57600
-1.70281
-1.85184
-2.02745
-2.21674
-2.40512
-2.58759
-2.76310
-2.92295
-3.05158
-3.14022
-3.19488
-3.22587
-3.22975
-3.18626
-3.07648
-2.90303
-2.68963
-2.46052
-2.22292
-1.97157
-1.70833
-1.45273
-1.23020
-1.05048
-0.90012
-0.75753
-0.61457
-0.48221
-0.37564
-0.29597
-0.22858
-0.15952
-0.09127
-0.04001
-0.01679
-0.01260
-0.00396
0.02591
