-51.49264
-51.02727
-50.55626
-50.08006
-49.59904
-49.11353
-48.62386
-48.13030
-47.63312
-47.13256
-46.62887
-46.12228
-45.61299
-45.10123
-44.58719
-44.07109
-43.55312
-43.03348
-42.51235
-41.98992
-41.46639
-40.94194
-40.41674
-39.89097
-39.36481
-38.83844
-38.31202
-37.78573
-37.25973
-36.73418
-36.20924
-35.68509
-35.16186
-34.63972
-34.11881
-33.59929
-33.08131
-32.56500
-32.05051
-31.53798
-31.02754
-30.51933
-30.01348
-29.51011
-29.00936
-28.51134
-28.01617
-27.52398
-27.03488
-26.54898
-26.06639
-25.58722
-25.11156
-24.63953
-24.17123
-23.70674
-23.24617
-22.78960
-22.33712
-21.88882
-21.44477
-21.00507
-20.56978
-20.13899
-19.71277
-19.29117
-18.87428
-18.46216
-18.05486
-17.65245
-17.25499
-16.86253
-16.47511
-16.09279
-15.71562
-15.34365
-14.97690
-14.61543
-14.25926
-13.90844
-13.56299
-13.22295
-12.88834
-12.55918
-12.23551
-11.91734
-11.60469
-11.29757
-10.99600
-10.70000
-10.40956
-10.12470
-9.84543
-9.57174
-9.30364
-9.04113
-8.78420
-8.53285
-8.28708
-8.04687
-7.81222
-7.58310
-7.35952
-7.14145
-6.92887
-6.72177
-6.52012
-6.32390
-6.13309
-5.94767
-5.76760
-5.59285
-5.42340
-5.25921
-5.10025
-4.94649
-4.79788
-4.65440
-4.51599
-4.38263
-4.25428
-4.13088
-4.01239
-3.89878
-3.78998
-3.68597
-3.58668
-3.49207
-3.40209
-3.31669
-3.23582
-3.15942
-3.08743
-3.01981
-2.95650
-2.89744
-2.84258
-2.79185
-2.74520
-2.70258
-2.66391
-2.62914
-2.59822
-2.57106
-2.54763
-2.52785
-2.51166
-2.49899
-2.48979
-2.48399
-2.48153
-2.48233
-2.48634
-2.49349
-2.50372
-2.51695
-2.53313
-2.55218
-2.57405
-2.59866
-2.62595
-2.65585
-2.68830
-2.72323
-2.76057
-2.80027
-2.84224
-2.88642
-2.93276
-2.98118
-3.03161
-3.08400
-3.13828
-3.19437
-3.25223
-3.31177
-3.37295
-3.43569
-3.49993
-3.56560
-3.63265
-3.70101
-3.77062
-3.84142
-3.91334
-3.98633
-4.06033
-4.13526
-4.21109
-4.28773
-4.36515
-4.44327
-4.52205
-4.60142
-4.68133
-4.76173
-4.84255
-4.92375
-5.00526
-5.08704
-5.16903
-5.25119
-5.33345
-5.41577
-5.49810
-5.58040
-5.66260
-5.74467
-5.82655
-5.90820
-5.98957
-6.07062
-6.15131
-6.23159
-6.31141
-6.39074
-6.46953
-6.54775
-6.62535
-6.70229
-6.77854
-6.85406
-6.92881
-7.00275
-7.07585
-7.14809
-7.21941
-7.28979
-7.35920
-7.42761
-7.49498
-7.56128
-7.62650
-7.69059
-7.75353
-7.81530
-7.87587
-7.93521
-7.99330
-8.05011
-8.10563
-8.15983
-8.21270
-8.26420
-8.31432
-8.36304
-8.41035
-8.45623
-8.50065
-8.54361
-8.58508
-8.62506
-8.66353
-8.70048
-8.73590
-8.76976
-8.80208
-8.83282
-8.86199
-8.88958
-8.91557
-8.93996
-8.96275
-8.98392
-9.00347
-9.02141
-9.03772
-9.05239
-9.06544
-9.07685
-9.08662
-9.09476
-9.10126
-9.10612
-9.10935
-9.11094
-9.11090
-9.10923
-9.10593
-9.10101
-9.09447
-9.08632
-9.07656
-9.06520
-9.05224
-9.03769
-9.02155
-9.00385
-8.98457
-8.96374
-8.94136
-8.91744
-8.89199
-8.86502
-8.83654
-8.80657
-8.77511
-8.74218
-8.70779
-8.67195
-8.63467
-8.59598
-8.55587
-8.51437
-8.47150
-8.42725
-8.38166
-8.33473
-8.28649
-8.23694
-8.18610
-8.13400
-8.08064
-8.02604
-7.97022
-7.91320
-7.85500
-7.79562
-7.73510
-7.67345
-7.61068
-7.54681
-7.48187
-7.41587
-7.34883
-7.28077
-7.21171
-7.14166
-7.07066
-6.99870
-6.92582
-6.85204
-6.77737
-6.70184
-6.62545
-6.54824
-6.47022
-6.39142
-6.31184
-6.23152
-6.15047
-6.06870
-5.98625
-5.90313
-5.81936
-5.73495
-5.64994
-5.56433
-5.47816
-5.39142
-5.30416
-5.21638
-5.12811
-5.03936
-4.95015
-4.86050
-4.77044
-4.67998
-4.58913
-4.49793
-4.40637
-4.31450
-4.22231
-4.12984
-4.03709
-3.94409
-3.85085
-3.75740
-3.66374
-3.56990
-3.47590
-3.38174
-3.28745
-3.19305
-3.09855
-3.00396
-2.90931
-2.81461
-2.71987
-2.62512
-2.53036
-2.43562
-2.34090
-2.24622
-2.15161
-2.05706
-1.96261
-1.86825
-1.77401
-1.67990
-1.58594
-1.49213
-1.39850
-1.30505
-1.21180
-1.11876
-1.02594
-0.93336
-0.84103
-0.74896
-0.65717
-0.56567
-0.47446
-0.38357
-0.29299
-0.20275
-0.11286
-0.02332
0.06584
0.15463
0.24303
0.33102
0.41861
0.50577
0.59249
0.67878
0.76460
0.84996
0.93485
1.01924
1.10315
1.18654
1.26941
1.35176
1.43357
1.51483
1.59553
1.67566
1.75520
1.83416
1.91251
1.99024
2.06736
2.14383
2.21965
2.29481
2.36930
2.44310
2.51620
2.58860
2.66026
2.73118
2.80134
2.87074
2.93935
3.00715
3.07414
3.14028
3.20557
3.26998
3.33350
3.39609
3.45775
3.51844
3.57814
3.63683
3.69448
3.75105
3.80653
3.86087
3.91404
3.96602
4.01675
4.06620
4.11434
4.16110
4.20646
4.25035
4.29274
4.33355
4.37273
4.41023
4.44597
4.47989
4.51191
4.54195
4.56994
4.59578
4.61939
4.64066
4.65950
4.67579
4.68942
4.70027
4.70821
4.71310
4.71480
4.71315
4.70801
4.69919
4.68652
4.66982
4.64888
4.62350
4.59346
4.55852
4.51845
4.47299
4.42188
4.36483
4.30156
4.23175
4.15510
4.07126
3.97988
3.88062
3.77308
3.65690
3.53165
3.39692
3.25230
3.09733
2.93157
2.75455
2.56580
2.36486
2.15122
1.92441
1.68395
1.42934
1.16010
0.87577
0.57588
0.25999
-0.07231
-0.42142
-0.78771
-1.17150
-1.57306
-1.99262
-2.43035
-2.88635
-3.36065
-3.85319
-4.36383
-4.89234
-5.43834
-6.00141
-6.58095
-7.17627
-7.78652
-8.41075
-9.04785
-9.69658
-10.35556
-11.02329
-11.69809
-12.37823
-13.06180
-13.74681
-14.43118
-15.11274
-15.78928
-16.45853
-17.11821
-17.76603
-18.39975
-19.01714
-19.61607
-20.19450
-20.75052
-21.28230
-21.78824
-22.26685
-22.71689
-23.13723
-23.52705
-23.88564
-24.21257
-24.50756
-24.77060
-25.00179
-25.20151
-25.37022
-25.50859
-25.61740
-25.69759
-25.75014
-25.77617
-25.77686
-25.75341
-25.70707
-25.63912
-25.55083
-25.44347
-25.31828
-25.17647
-25.01924
-24.84770
-24.66294
-24.46601
-24.25788
-24.03946
-23.81163
-23.57519
-23.33090
-23.07945
-22.82150
-22.55764
-22.28841
-22.01434
-21.73588
-21.45347
-21.16750
-20.87832
-20.58628
-20.29168
-19.99479
-19.69589
-19.39520
-19.09295
-18.78936
-18.48459
-18.17885
-17.87228
-17.56506
-17.25732
-16.94921
-16.64085
-16.33238
-16.02392
-15.71556
-15.40744
-15.09964
-14.79228
-14.48544
-14.17923
-13.87372
-13.56902
-13.26520
-12.96236
-12.66056
-12.35988
-12.06041
-11.76221
-11.46537
-11.16994
-10.87600
-10.58361
-10.29284
-10.00375
-9.71641
-9.43087
-9.14719
-8.86542
-8.58563
-8.30787
-8.03218
-7.75862
-7.48724
-7.21809
-6.95120
-6.68664
-6.42443
-6.16462
-5.90725
-5.65236
-5.39999
-5.15017
-4.90294
-4.65832
-4.41636
-4.17708
-3.94051
-3.70668
-3.47561
-3.24733
-3.02186
-2.79923
-2.57945
-2.36255
-2.14854
-1.93744
-1.72926
-1.52403
-1.32174
-1.12243
-0.92608
-0.73273
-0.54236
-0.35500
-0.17064
0.01071
0.18904
0.36436
0.53666
0.70593
0.87220
1.03544
1.19567
1.35290
1.50712
1.65834
1.80657
1.95181
2.09409
2.23339
2.36975
2.50316
2.63364
2.76121
2.88587
3.00765
3.12656
3.24261
3.35582
3.46622
3.57382
3.67864
3.78070
3.88003
3.97664
4.07055
4.16180
4.25040
4.33637
4.41976
4.50057
4.57883
4.65458
4.72784
4.79864
4.86700
4.93295
4.99653
5.05777
5.11669
5.17332
5.22770
5.27985
5.32981
5.37761
5.42329
5.46687
5.50839
5.54788
5.58537
5.62091
5.65452
5.68623
5.71609
5.74412
5.77036
5.79485
5.81762
5.83871
5.85815
5.87598
5.89222
5.90693
5.92013
5.93186
5.94215
5.95105
5.95858
5.96478
5.96969
5.97335
5.97578
5.97703
5.97713
5.97611
5.97401
5.97087
5.96671
5.96159
5.95551
5.94853
5.94068
5.93199
5.92249
5.91222
5.90121
5.88949
5.87710
5.86406
5.85041
5.83617
5.82138
5.80607
5.79027
5.77400
5.75730
5.74019
5.72269
5.70483
5.68664
5.66814
5.64935
5.63029
5.61098
5.59144
5.57169
5.55174
5.53160
5.51128
5.49080
5.47015
5.44935
5.42838
5.40724
5.38594
5.36444
5.34275
5.32083
5.29865
5.27619
5.25339
5.23022
5.20661
5.18250
5.15781
5.13244
5.10631
5.07929
5.05125
5.02205
4.99152
4.95947
4.92571
4.88999
4.85206
4.81163
4.76840
4.72199
4.67203
4.61808
4.55968
4.49630
4.42736
4.35225
4.27027
4.18066
4.08262
3.97523
3.85752
3.72844
3.58684
3.43146
3.26096
3.07389
2.86870
2.64370
2.39711
2.12701
1.83137
1.50802
1.15470
0.76899
0.34840
-0.10971
-0.60804
-1.14939
-1.73660
-2.37259
-3.06024
-3.80244
-4.60201
-5.46162
-6.38387
-7.37100
-8.42511
-9.54778
-10.74029
-12.00325
-13.33683
-14.74027
-16.21228
-17.75044
-19.35166
-21.01155
-22.72501
-24.48551
-26.28583
-28.11736
-29.97086
-31.83592
-33.70168
-35.55649
-37.38849
-39.18565
-40.93601
-42.62811
-44.25090
-45.79452
-47.24983
-48.60943
-49.86687
-51.01778
-52.05885
-52.98890
-53.80780
-54.51732
-55.12012
-55.62036
-56.02284
-56.33333
-56.55796
-56.70329
-56.77598
-56.78269
-56.72995
-56.62394
-56.47059
-56.27529
-56.04312
-55.77851
-55.48559
-55.16787
-54.82856
-54.47033
-54.09562
-53.70639
-53.30443
-52.89117
-52.46790
-52.03566
-51.59536
-51.14777
-50.69355
-50.23326
-49.76739
-49.29637
-48.82058
-48.34036
-47.85603
-47.36787
-46.87613
-46.38108
-45.88294
-45.38195
-44.87831
-44.37224
-43.86395
-43.35363
-42.84148
-42.32770
-41.81247
-41.29597
-40.77840
-40.25993
-39.74075
-39.22102
-38.70092
-38.18062
-37.66030
-37.14012
-36.62023
-36.10081
-35.58201
-35.06399
-34.54691
-34.03091
-33.51615
-33.00276
-32.49091
-31.98072
-31.47234
-30.96591
-30.46155
-29.95941
-29.45960
-28.96226
-28.46752
-27.97548
-27.48627
-27.00001
-26.51681
-26.03677
-25.56002
-25.08664
-24.61676
-24.15046
-23.68784
-23.22900
-22.77403
-22.32302
-21.87606
-21.43323
-20.99461
-20.56028
-20.13032
-19.70480
-19.28379
-18.86737
-18.45559
-18.04852
-17.64622
-17.24876
-16.85618
-16.46853
-16.08588
-15.70827
-15.33574
-14.96833
-14.60610
-14.24907
-13.89729
-13.55078
-13.20958
-12.87372
-12.54323
-12.21812
-11.89842
-11.58416
-11.27534
-10.97200
-10.67413
-10.38175
-10.09486
-9.81349
-9.53763
-9.26728
-9.00244
-8.74313
-8.48932
-8.24102
-7.99822
-7.76092
-7.52909
-7.30274
-7.08184
-6.86638
-6.65634
-6.45170
-6.25245
-6.05856
-5.87000
-5.68675
-5.50878
-5.33607
-5.16858
-5.00628
-4.84914
-4.69713
-4.55020
-4.40833
-4.27147
-4.13958
-4.01262
-3.89056
-3.77334
-3.66092
-3.55327
-3.45032
-3.35203
-3.25836
-3.16925
-3.08466
-3.00453
-2.92881
-2.85744
-2.79038
-2.72756
-2.66894
-2.61445
-2.56405
-2.51766
-2.47523
-2.43671
-2.40203
-2.37114
-2.34397
-2.32046
-2.30055
-2.28418
-2.27128
-2.26180
-2.25567
-2.25282
-2.25319
-2.25673
-2.26335
-2.27301
-2.28563
-2.30115
-2.31950
-2.34062
-2.36445
-2.39091
-2.41995
-2.45149
-2.48547
-2.52183
-2.56051
-2.60142
-2.64452
-2.68973
-2.73700
-2.78625
-2.83742
-2.89044
-2.94526
-3.00181
-3.06001
-3.11983
-3.18118
-3.24400
-3.30824
-3.37382
-3.44070
-3.50880
-3.57807
-3.64845
-3.71987
-3.79228
-3.86561
-3.93981
-4.01482
-4.09058
-4.16704
-4.24414
-4.32182
-4.40002
-4.47870
-4.55779
-4.63725
-4.71701
-4.79704
-4.87727
-4.95765
-5.03814
-5.11868
-5.19923
-5.27973
-5.36014
-5.44041
-5.52049
-5.60034
-5.67992
-5.75917
-5.83805
-5.91653
-5.99456
-6.07210
-6.14910
-6.22553
-6.30134
-6.37651
-6.45099
-6.52474
-6.59773
-6.66992
-6.74128
-6.81177
-6.88137
-6.95003
-7.01773
-7.08444
-7.15012
-7.21475
-7.27830
-7.34073
-7.40204
-7.46217
-7.52112
-7.57886
-7.63537
-7.69061
-7.74457
-7.79723
-7.84856
-7.89855
-7.94717
-7.99442
-8.04026
-8.08469
-8.12768
-8.16923
-8.20931
-8.24791
-8.28502
-8.32063
-8.35473
-8.38729
-8.41832
-8.44781
-8.47573
-8.50209
-8.52688
-8.55009
-8.57171
-8.59174
-8.61018
-8.62701
-8.64223
-8.65585
-8.66786
-8.67825
-8.68703
-8.69419
-8.69974
-8.70367
-8.70599
-8.70669
-8.70578
-8.70327
-8.69915
-8.69342
-8.68611
-8.67720
-8.66670
-8.65462
-8.64097
-8.62575
-8.60897
-8.59063
-8.57075
-8.54934
-8.52640
-8.50194
-8.47597
-8.44851
-8.41956
-8.38913
-8.35724
-8.32390
-8.28913
-8.25292
-8.21530
-8.17628
-8.13588
-8.09410
-8.05096
-8.00648
-7.96068
-7.91355
-7.86514
-7.81544
-7.76447
-7.71225
-7.65881
-7.60414
-7.54828
-7.49123
-7.43302
-7.37366
-7.31317
-7.25157
-7.18888
-7.12511
-7.06029
-6.99442
-6.92754
-6.85966
-6.79079
-6.72096
-6.65018
-6.57849
-6.50588
-6.43239
-6.35803
-6.28283
-6.20679
-6.12995
-6.05232
-5.97392
-5.89476
-5.81488
-5.73429
-5.65301
-5.57105
-5.48844
-5.40520
-5.32134
-5.23689
-5.15187
-5.06629
-4.98017
-4.89354
-4.80641
-4.71880
-4.63073
-4.54222
-4.45329
-4.36395
-4.27424
-4.18415
-4.09372
-4.00296
-3.91189
-3.82053
-3.72889
-3.63699
-3.54486
-3.45250
-3.35995
-3.26720
-3.17429
-3.08122
-2.98802
-2.89470
-2.80128
-2.70778
-2.61421
-2.52058
-2.42692
-2.33324
-2.23956
-2.14588
-2.05224
-1.95863
-1.86509
-1.77162
-1.67823
-1.58495
-1.49179
-1.39876
-1.30587
-1.21314
-1.12059
-1.02823
-0.93607
-0.84413
-0.75241
-0.66094
-0.56972
-0.47878
-0.38811
-0.29774
-0.20768
-0.11794
-0.02854
0.06053
0.14923
0.23756
0.32551
0.41307
0.50021
0.58694
0.67324
0.75909
0.84449
0.92942
1.01387
1.09783
1.18129
1.26423
1.34664
1.42852
1.50984
1.59059
1.67077
1.75036
1.82934
1.90771
1.98545
2.06255
2.13899
2.21476
2.28985
2.36423
2.43790
2.51084
2.58303
2.65446
2.72511
2.79496
2.86400
2.93220
2.99954
3.06601
3.13159
3.19625
3.25996
3.32271
3.38447
3.44522
3.50492
3.56354
3.62106
3.67745
3.73267
3.78668
3.83946
3.89095
3.94112
3.98994
4.03734
4.08328
4.12772
4.17060
4.21187
4.25146
4.28931
4.32536
4.35954
4.39177
4.42198
4.45009
4.47600
4.49964
4.52090
4.53968
4.55588
4.56938
4.58007
4.58781
4.59249
4.59395
4.59206
4.58665
4.57758
4.56465
4.54771
4.52656
4.50099
4.47081
4.43579
4.39572
4.35034
4.29941
4.24266
4.17983
4.11063
4.03476
3.95192
3.86178
3.76400
3.65826
3.54418
3.42141
3.28955
3.14823
2.99705
2.83559
2.66344
2.48019
2.28539
2.07863
1.85948
1.62749
1.38225
1.12333
0.85033
0.56284
0.26049
-0.05709
-0.39022
-0.73921
-1.10432
-1.48579
-1.88378
-2.29842
-2.72977
-3.17784
-3.64252
-4.12369
-4.62107
-5.13436
-5.66308
-6.20673
-6.76462
-7.33603
-7.92003
-8.51565
-9.12175
-9.73711
-10.36035
-10.99001
-11.62449
-12.26214
-12.90114
-13.53967
-14.17578
-14.80750
-15.43280
-16.04966
-16.65602
-17.24986
-17.82919
-18.39208
-18.93668
-19.46121
-19.96405
-20.44365
-20.89867
-21.32787
-21.73022
-22.10482
-22.45101
-22.76825
-23.05623
-23.31479
-23.54397
-23.74394
-23.91507
-24.05782
-24.17283
-24.26083
-24.32266
-24.35925
-24.37159
-24.36073
-24.32778
-24.27385
-24.20008
-24.10761
-23.99757
-23.87108
-23.72923
