2.72105
2.75939
2.79602
2.83097
2.86422
2.89581
2.92573
2.95400
2.98063
3.00563
3.02902
3.05081
3.07101
3.08965
3.10672
3.12226
3.13627
3.14877
3.15978
3.16931
3.17738
3.18400
3.18920
3.19300
3.19540
3.19643
3.19611
3.19445
3.19148
3.18721
3.18166
3.17485
3.16681
3.15755
3.14709
3.13545
3.12265
3.10872
3.09366
3.07751
3.06029
3.04201
3.02270
3.00237
2.98106
2.95877
2.93553
2.91137
2.88630
2.86034
2.83352
2.80586
2.77737
2.74809
2.71803
2.68721
2.65566
2.62339
2.59043
2.55680
2.52252
2.48761
2.45209
2.41598
2.37931
2.34210
2.30435
2.26611
2.22738
2.18819
2.14855
2.10850
2.06804
2.02720
1.98599
1.94445
1.90258
1.86040
1.81795
1.77522
1.73225
1.68905
1.64564
1.60204
1.55827
1.51435
1.47028
1.42610
1.38181
1.33744
1.29300
1.24851
1.20399
1.15944
1.11490
1.07037
1.02587
0.98141
0.93701
0.89269
0.84846
0.80433
0.76033
0.71645
0.67273
0.62916
0.58576
0.54256
0.49955
0.45676
0.41419
0.37186
0.32977
0.28795
0.24640
0.20513
0.16415
0.12348
0.08313
0.04309
0.00340
-0.03596
-0.07496
-0.11359
-0.15186
-0.18975
-0.22724
-0.26434
-0.30104
-0.33733
-0.37319
-0.40864
-0.44364
-0.47821
-0.51233
-0.54601
-0.57922
-0.61197
-0.64425
-0.67606
-0.70739
-0.73823
-0.76859
-0.79846
-0.82783
-0.85671
-0.88507
-0.91294
-0.94029
-0.96714
-0.99346
-1.01928
-1.04457
-1.06934
-1.09359
-1.11732
-1.14052
-1.16319
-1.18534
-1.20696
-1.22805
-1.24861
-1.26864
-1.28815
-1.30712
-1.32557
-1.34349
-1.36089
-1.37776
-1.39410
-1.40993
-1.42523
-1.44001
-1.45427
-1.46802
-1.48125
-1.49397
-1.50619
-1.51789
-1.52910
-1.53980
-1.55001
-1.55972
-1.56894
-1.57767
-1.58592
-1.59368
-1.60098
-1.60779
-1.61414
-1.62003
-1.62545
-1.63042
-1.63494
-1.63901
-1.64264
-1.64583
-1.64859
-1.65092
-1.65283
-1.65432
-1.65540
-1.65607
-1.65634
-1.65622
-1.65570
-1.65480
-1.65352
-1.65186
-1.64984
-1.64745
-1.64471
-1.64162
-1.63818
-1.63440
-1.63029
-1.62586
-1.62110
-1.61602
-1.61064
-1.60496
-1.59898
-1.59271
-1.58615
-1.57932
-1.57222
-1.56485
-1.55722
-1.54934
-1.54122
-1.53285
-1.52425
-1.51542
-1.50637
-1.49710
-1.48763
-1.47796
-1.46808
-1.45802
-1.44778
-1.43735
-1.42676
-1.41600
-1.40508
-1.39400
-1.38278
-1.37142
-1.35992
-1.34830
-1.33655
-1.32468
-1.31270
-1.30062
-1.28843
-1.27615
-1.26379
-1.25134
-1.23881
-1.22621
-1.21355
-1.20082
-1.18803
-1.17520
-1.16233
-1.14941
-1.13645
-1.12347
-1.11047
-1.09744
-1.08440
-1.07135
-1.05830
-1.04524
-1.03219
-1.01915
-1.00612
-0.99311
-0.98012
-0.96716
-0.95423
-0.94134
-0.92848
-0.91567
-0.90290
-0.89019
-0.87753
-0.86493
-0.85239
-0.83992
-0.82752
-0.81519
-0.80294
-0.79077
-0.77868
-0.76667
-0.75476
-0.74294
-0.73121
-0.71959
-0.70806
-0.69664
-0.68532
-0.67411
-0.66302
-0.65203
-0.64117
-0.63042
-0.61979
-0.60929
-0.59891
-0.58866
-0.57853
-0.56854
-0.55868
-0.54895
-0.53936
-0.52991
-0.52059
-0.51142
-0.50238
-0.49350
-0.48475
-0.47615
-0.46769
-0.45938
-0.45122
-0.44321
-0.43535
-0.42764
-0.42008
-0.41267
-0.40541
-0.39831
-0.39136
-0.38456
-0.37792
-0.37143
-0.36510
-0.35892
-0.35289
-0.34702
-0.34130
-0.33574
-0.33033
-0.32508
-0.31998
-0.31503
-0.31023
-0.30559
-0.30110
-0.29676
-0.29257
-0.28854
-0.28465
-0.28091
-0.27732
-0.27388
-0.27058
-0.26743
-0.26443
-0.26157
-0.25885
-0.25627
-0.25384
-0.25154
-0.24939
-0.24737
-0.24549
-0.24374
-0.24212
-0.24064
-0.23929
-0.23807
-0.23698
-0.23601
-0.23517
-0.23446
-0.23386
-0.23339
-0.23304
-0.23281
-0.23269
-0.23268
-0.23279
-0.23301
-0.23334
-0.23378
-0.23433
-0.23498
-0.23573
-0.23659
-0.23754
-0.23859
-0.23974
-0.24098
-0.24231
-0.24374
-0.24525
-0.24685
-0.24854
-0.25030
-0.25215
-0.25408
-0.25609
-0.25817
-0.26032
-0.26255
-0.26485
-0.26721
-0.26964
-0.27214
-0.27470
-0.27731
-0.27999
-0.28273
-0.28551
-0.28835
-0.29125
-0.29419
-0.29718
-0.30021
-0.30329
-0.30640
-0.30956
-0.31276
-0.31599
-0.31925
-0.32255
-0.32588
-0.32923
-0.33261
-0.33602
-0.33945
-0.34290
-0.34637
-0.34985
-0.35336
-0.35687
-0.36040
-0.36393
-0.36748
-0.37103
-0.37458
-0.37814
-0.38170
-0.38525
-0.38881
-0.39236
-0.39590
-0.39943
-0.40295
-0.40647
-0.40996
-0.41344
-0.41691
-0.42035
-0.42377
-0.42717
-0.43054
-0.43389
-0.43720
-0.44049
-0.44374
-0.44695
-0.45013
-0.45327
-0.45636
-0.45942
-0.46242
-0.46538
-0.46829
-0.47114
-0.47394
-0.47668
-0.47935
-0.48197
-0.48452
-0.48700
-0.48941
-0.49174
-0.49400
-0.49617
-0.49826
-0.50026
-0.50217
-0.50398
-0.50570
-0.50731
-0.50881
-0.51020
-0.51148
-0.51263
-0.51365
-0.51455
-0.51530
-0.51592
-0.51638
-0.51669
-0.51683
-0.51681
-0.51661
-0.51622
-0.51565
-0.51487
-0.51388
-0.51267
-0.51124
-0.50957
-0.50764
-0.50546
-0.50301
-0.50027
-0.49724
-0.49390
-0.49024
-0.48624
-0.48190
-0.47718
-0.47209
-0.46660
-0.46069
-0.45436
-0.44758
-0.44033
-0.43260
-0.42437
-0.41562
-0.40632
-0.39647
-0.38604
-0.37502
-0.36338
-0.35110
-0.33817
-0.32457
-0.31029
-0.29530
-0.27959
-0.26314
-0.24595
-0.22801
-0.20929
-0.18980
-0.16953
-0.14847
-0.12663
-0.10401
-0.08060
-0.05643
-0.03149
-0.00581
0.02061
0.04773
0.07554
0.10401
0.13311
0.16281
0.19306
0.22383
0.25507
0.28675
0.31880
0.35119
0.38386
0.41675
0.44982
0.48301
0.51625
0.54950
0.58270
0.61580
0.64873
0.68146
0.71391
0.74606
0.77784
0.80921
0.84012
0.87055
0.90043
0.92975
0.95847
0.98655
1.01396
1.04068
1.06669
1.09196
1.11648
1.14022
1.16317
1.18533
1.20667
1.22719
1.24688
1.26574
1.28375
1.30093
1.31726
1.33274
1.34738
1.36118
1.37413
1.38624
1.39752
1.40797
1.41759
1.42640
1.43438
1.44156
1.44794
1.45352
1.45832
1.46234
1.46559
1.46808
1.46981
1.47080
1.47106
1.47060
1.46942
1.46753
1.46495
1.46169
1.45775
1.45315
1.44789
1.44199
1.43546
1.42832
1.42056
1.41220
1.40325
1.39373
1.38364
1.37300
1.36181
1.35010
1.33786
1.32512
1.31188
1.29815
1.28395
1.26929
1.25418
1.23863
1.22265
1.20626
1.18946
1.17226
1.15469
1.13675
1.11845
1.09980
1.08082
1.06151
1.04189
1.02196
1.00175
0.98126
0.96050
0.93948
0.91822
0.89672
0.87500
0.85306
0.83093
0.80860
0.78609
0.76341
0.74057
0.71757
0.69444
0.67118
0.64780
0.62431
0.60072
0.57705
0.55329
0.52946
0.50557
0.48163
0.45764
0.43362
0.40958
0.38552
0.36146
0.33740
0.31335
0.28931
0.26531
0.24134
0.21742
0.19354
0.16973
0.14598
0.12231
0.09872
0.07522
0.05181
0.02851
0.00532
-0.01775
-0.04070
-0.06352
-0.08620
-0.10874
-0.13113
-0.15336
-0.17544
-0.19734
-0.21908
-0.24064
-0.26201
-0.28320
-0.30420
-0.32499
-0.34559
-0.36598
-0.38615
-0.40611
-0.42585
-0.44537
-0.46466
-0.48372
-0.50254
-0.52113
-0.53947
-0.55756
-0.57541
-0.59301
-0.61035
-0.62744
-0.64427
-0.66083
-0.67713
-0.69317
-0.70893
-0.72443
-0.73965
-0.75460
-0.76927
-0.78367
-0.79779
-0.81162
-0.82518
-0.83846
-0.85145
-0.86416
-0.87659
-0.88873
-0.90059
-0.91216
-0.92344
-0.93444
-0.94516
-0.95559
-0.96573
-0.97559
-0.98516
-0.99445
-1.00346
-1.01218
-1.02062
-1.02878
-1.03666
-1.04426
-1.05158
-1.05863
-1.06540
-1.07189
-1.07811
-1.08406
-1.08974
-1.09515
-1.10029
-1.10517
-1.10979
-1.11415
-1.11824
-1.12208
-1.12567
-1.12900
-1.13208
-1.13491
-1.13750
-1.13984
-1.14195
-1.14381
-1.14544
-1.14684
-1.14800
-1.14893
-1.14964
-1.15013
-1.15039
-1.15044
-1.15027
-1.14989
-1.14931
-1.14851
-1.14751
-1.14631
-1.14491
-1.14331
-1.14152
-1.13954
-1.13737
-1.13501
-1.13247
-1.12975
-1.12685
-1.12377
-1.12052
-1.11709
-1.11349
-1.10972
-1.10578
-1.10167
-1.09740
-1.09296
-1.08835
-1.08357
-1.07863
-1.07351
-1.06823
-1.06277
-1.05714
-1.05133
-1.04533
-1.03915
-1.03277
-1.02619
-1.01941
-1.01240
-1.00517
-0.99771
-0.98999
-0.98201
-0.97374
-0.96518
-0.95630
-0.94708
-0.93749
-0.92752
-0.91712
-0.90628
-0.89495
-0.88310
-0.87068
-0.85767
-0.84399
-0.82962
-0.81449
-0.79854
-0.78172
-0.76396
-0.74519
-0.72533
-0.70433
-0.68208
-0.65853
-0.63357
-0.60714
-0.57914
-0.54949
-0.51810
-0.48489
-0.44978
-0.41270
-0.37358
-0.33236
-0.28897
-0.24338
-0.19556
-0.14549
-0.09316
-0.03859
0.01819
0.07714
0.13819
0.20125
0.26623
0.33300
0.40143
0.47137
0.54264
0.61509
0.68851
0.76273
0.83754
0.91276
0.98818
1.06363
1.13891
1.21385
1.28829
1.36207
1.43504
1.50707
1.57806
1.64788
1.71645
1.78368
1.84950
1.91385
1.97667
2.03793
2.09758
2.15560
2.21197
2.26666
2.31966
2.37096
2.42056
2.46845
2.51463
2.55910
2.60186
2.64293
2.68230
2.71998
2.75599
2.79032
2.82299
2.85401
2.88339
2.91114
2.93727
2.96180
2.98474
3.00610
3.02589
3.04414
3.06085
3.07605
3.08973
3.10193
3.11266
3.12193
3.12976
3.13617
3.14117
3.14479
3.14703
3.14792
3.14748
3.14572
3.14266
3.13833
3.13273
3.12590
3.11785
3.10859
3.09816
3.08656
3.07382
3.05996
3.04500
3.02896
3.01186
2.99372
2.97456
2.95440
2.93327
2.91118
2.88816
2.86422
2.83939
2.81369
2.78714
2.75976
2.73157
2.70259
2.67285
2.64236
2.61115
2.57923
2.54664
2.51338
2.47948
2.44496
2.40985
2.37416
2.33791
2.30112
2.26382
2.22602
2.18775
2.14903
2.10986
2.07029
2.03032
1.98997
1.94927
1.90823
1.86687
1.82521
1.78328
1.74108
1.69865
1.65599
1.61312
1.57007
1.52685
1.48348
1.43997
1.39635
1.35262
1.30882
1.26495
1.22103
1.17708
1.13311
1.08914
1.04519
1.00127
0.95739
0.91358
0.86984
0.82619
0.78264
0.73921
0.69592
0.65277
0.60979
0.56697
0.52434
0.48191
0.43969
0.39769
0.35593
0.31441
0.27316
0.23217
0.19146
0.15104
0.11093
0.07112
0.03164
-0.00751
-0.04633
-0.08479
-0.12289
-0.16063
-0.19799
-0.23497
-0.27155
-0.30773
-0.34351
-0.37888
-0.41382
-0.44833
-0.48241
-0.51605
-0.54924
-0.58199
-0.61427
-0.64609
-0.67744
-0.70832
-0.73872
-0.76865
-0.79808
-0.82703
-0.85548
-0.88343
-0.91089
-0.93784
-0.96429
-0.99023
-1.01566
-1.04058
-1.06498
-1.08887
-1.11224
-1.13509
-1.15742
-1.17923
-1.20053
-1.22129
-1.24154
-1.26127
-1.28047
-1.29915
-1.31731
-1.33495
-1.35207
-1.36868
-1.38476
-1.40033
-1.41538
-1.42992
-1.44396
-1.45748
-1.47049
-1.48300
-1.49501
-1.50652
-1.51753
-1.52805
-1.53808
-1.54762
-1.55667
-1.56525
-1.57334
-1.58097
-1.58812
-1.59481
-1.60103
-1.60679
-1.61211
-1.61697
-1.62139
-1.62536
-1.62891
-1.63202
-1.63470
-1.63696
-1.63881
-1.64024
-1.64127
-1.64189
-1.64212
-1.64196
-1.64142
-1.64049
-1.63919
-1.63752
-1.63549
-1.63310
-1.63036
-1.62728
-1.62385
-1.62009
-1.61600
-1.61160
-1.60687
-1.60183
-1.59649
-1.59085
-1.58492
-1.57871
-1.57221
-1.56544
-1.55841
-1.55111
-1.54356
-1.53575
-1.52771
-1.51943
-1.51092
-1.50218
-1.49323
-1.48407
-1.47470
-1.46513
-1.45537
-1.44542
-1.43529
-1.42498
-1.41451
-1.40387
-1.39308
-1.38213
-1.37104
-1.35982
-1.34846
-1.33697
-1.32536
-1.31364
-1.30180
-1.28987
-1.27783
-1.26570
-1.25349
-1.24119
-1.22882
-1.21637
-1.20387
-1.19130
-1.17868
-1.16600
-1.15329
-1.14054
-1.12775
-1.11493
-1.10209
-1.08923
-1.07636
-1.06348
-1.05059
-1.03771
-1.02482
-1.01195
-0.99909
-0.98625
-0.97344
-0.96064
-0.94788
-0.93516
-0.92247
-0.90983
-0.89724
-0.88469
-0.87220
-0.85977
-0.84740
-0.83510
-0.82286
-0.81070
-0.79861
-0.78661
-0.77468
-0.76284
-0.75109
-0.73943
-0.72786
-0.71640
-0.70503
-0.69376
-0.68260
-0.67155
-0.66060
-0.64977
-0.63906
-0.62846
-0.61798
-0.60762
-0.59739
-0.58728
-0.57730
-0.56745
-0.55773
-0.54814
-0.53868
-0.52936
-0.52018
-0.51113
-0.50223
-0.49346
-0.48484
-0.47636
-0.46803
-0.45984
-0.45180
-0.44390
-0.43615
-0.42855
-0.42110
-0.41380
-0.40665
-0.39964
-0.39280
-0.38610
-0.37955
-0.37316
-0.36691
-0.36082
-0.35488
-0.34910
-0.34346
-0.33798
-0.33265
-0.32747
-0.32245
-0.31757
-0.31284
-0.30827
-0.30384
-0.29957
-0.29544
-0.29146
-0.28763
-0.28394
-0.28041
-0.27701
-0.27376
-0.27066
-0.26769
-0.26487
-0.26219
-0.25965
-0.25725
-0.25498
-0.25285
-0.25086
-0.24900
-0.24727
-0.24567
-0.24421
-0.24287
-0.24166
-0.24058
-0.23962
-0.23879
-0.23807
-0.23748
-0.23700
-0.23665
-0.23641
-0.23628
-0.23627
-0.23636
-0.23657
-0.23688
-0.23730
-0.23782
-0.23845
-0.23918
-0.24000
-0.24093
-0.24195
-0.24306
-0.24426
-0.24556
-0.24694
-0.24841
-0.24997
-0.25160
-0.25332
-0.25512
-0.25700
-0.25895
-0.26097
-0.26307
-0.26523
-0.26747
-0.26976
-0.27213
-0.27455
-0.27704
-0.27958
-0.28218
-0.28484
-0.28755
-0.29030
-0.29311
-0.29597
-0.29886
-0.30181
-0.30479
-0.30781
-0.31087
-0.31397
-0.31709
-0.32025
-0.32344
-0.32666
-0.32990
-0.33317
-0.33646
-0.33976
-0.34309
-0.34643
-0.34979
-0.35316
-0.35654
-0.35993
-0.36332
-0.36672
-0.37012
-0.37353
-0.37693
-0.38033
-0.38372
-0.38710
-0.39048
-0.39385
-0.39720
-0.40054
-0.40386
-0.40716
-0.41044
-0.41369
-0.41692
-0.42013
-0.42330
-0.42644
-0.42955
-0.43262
-0.43565
-0.43863
-0.44158
-0.44448
-0.44733
-0.45013
-0.45287
-0.45556
-0.45819
-0.46076
-0.46326
-0.46569
-0.46805
-0.47034
-0.47255
-0.47467
-0.47672
-0.47867
-0.48053
-0.48229
-0.48396
-0.48551
-0.48696
-0.48829
-0.48951
-0.49060
-0.49156
-0.49239
-0.49307
-0.49361
-0.49399
-0.49422
-0.49428
-0.49416
-0.49386
-0.49338
-0.49270
-0.49181
-0.49071
-0.48938
-0.48782
-0.48602
-0.48396
-0.48164
-0.47904
-0.47616
-0.47298
-0.46948
-0.46566
-0.46149
-0.45698
-0.45210
-0.44683
-0.44117
-0.43510
-0.42859
-0.42164
-0.41423
-0.40634
-0.39795
-0.38905
-0.37962
-0.36964
-0.35909
-0.34797
-0.33624
-0.32390
-0.31093
-0.29731
-0.28303
-0.26808
-0.25244
-0.23611
-0.21907
-0.20131
-0.18282
-0.16362
-0.14368
-0.12301
-0.10161
-0.07949
-0.05665
-0.03311
-0.00887
0.01605
0.04162
0.06784
0.09467
0.12208
0.15005
0.17854
0.20752
0.23694
0.26677
0.29696
0.32747
0.35825
0.38925
0.42042
0.45172
0.48308
0.51446
0.54582
0.57708
0.60822
0.63917
0.66989
0.70033
0.73044
0.76019
0.78953
0.81842
0.84682
0.87470
0.90203
0.92877
0.95489
0.98037
1.00519
1.02932
1.05275
