3.35347
3.62750
3.90529
4.18665
4.47142
4.75944
5.05053
5.34453
5.64128
5.94060
6.24235
6.54635
6.85246
7.16050
7.47033
7.78180
8.09474
8.40900
8.72444
9.04091
9.35825
9.67633
9.99501
10.31413
10.63356
10.95316
11.27280
11.59234
11.91165
12.23059
12.54905
12.86688
13.18398
13.50020
13.81545
14.12958
14.44250
14.75407
15.06420
15.37277
15.67967
15.98479
16.28804
16.58930
16.88848
17.18548
17.48020
17.77255
18.06244
18.34978
18.63448
18.91646
19.19563
19.47191
19.74522
20.01549
20.28264
20.54659
20.80729
21.06466
21.31863
21.56914
21.81613
22.05954
22.29931
22.53538
22.76771
22.99624
23.22092
23.44170
23.65854
23.87139
24.08022
24.28499
24.48565
24.68218
24.87453
25.06268
25.24660
25.42626
25.60164
25.77271
25.93944
26.10183
26.25984
26.41348
26.56271
26.70753
26.84793
26.98389
27.11541
27.24249
27.36511
27.48328
27.59700
27.70626
27.81108
27.91144
28.00736
28.09884
28.18590
28.26854
28.34677
28.42061
28.49007
28.55516
28.61591
28.67232
28.72442
28.77224
28.81578
28.85508
28.89016
28.92104
28.94776
28.97033
28.98880
29.00317
29.01350
29.01981
29.02213
29.02050
29.01495
29.00552
28.99225
28.97516
28.95431
28.92973
28.90145
28.86953
28.83400
28.79491
28.75229
28.70619
28.65666
28.60374
28.54748
28.48791
28.42510
28.35908
28.28990
28.21762
28.14227
28.06392
27.98260
27.89836
27.81127
27.72137
27.62870
27.53333
27.43529
27.33465
27.23145
27.12575
27.01760
26.90705
26.79416
26.67897
26.56154
26.44192
26.32016
26.19633
26.07046
25.94261
25.81284
25.68121
25.54775
25.41252
25.27559
25.13699
24.99678
24.85502
24.71176
24.56704
24.42092
24.27345
24.12469
23.97468
23.82347
23.67111
23.51766
23.36317
23.20768
23.05124
22.89391
22.73573
22.57674
22.41700
22.25656
22.09546
21.93375
21.77147
21.60867
21.44540
21.28170
21.11761
20.95319
20.78846
20.62348
20.45829
20.29293
20.12744
19.96186
19.79624
19.63061
19.46501
19.29948
19.13406
18.96879
18.80370
18.63883
18.47422
18.30990
18.14591
17.98228
17.81904
17.65623
17.49388
17.33202
17.17068
17.00990
16.84970
16.69012
16.53117
16.37289
16.21532
16.05846
15.90236
15.74702
15.59249
15.43879
15.28593
15.13395
14.98286
14.83268
14.68344
14.53516
14.38786
14.24155
14.09626
13.95200
13.80879
13.66666
13.52560
13.38565
13.24681
13.10909
12.97253
12.83711
12.70287
12.56981
12.43794
12.30727
12.17782
12.04959
11.92259
11.79683
11.67233
11.54907
11.42708
11.30637
11.18692
11.06876
10.95188
10.83630
10.72200
10.60901
10.49731
10.38691
10.27782
10.17003
10.06355
9.95838
9.85450
9.75194
9.65067
9.55071
9.45205
9.35469
9.25862
9.16384
9.07035
8.97814
8.88721
8.79756
8.70918
8.62205
8.53619
8.45157
8.36820
8.28607
8.20516
8.12548
8.04701
7.96974
7.89367
7.81878
7.74508
7.67254
7.60116
7.53092
7.46183
7.39386
7.32700
7.26125
7.19659
7.13301
7.07050
7.00905
6.94864
6.88926
6.83090
6.77355
6.71719
6.66181
6.60740
6.55393
6.50141
6.44981
6.39912
6.34933
6.30042
6.25237
6.20518
6.15883
6.11330
6.06858
6.02466
5.98151
5.93912
5.89749
5.85658
5.81640
5.77692
5.73812
5.70000
5.66253
5.62571
5.58951
5.55392
5.51892
5.48451
5.45066
5.41736
5.38459
5.35234
5.32059
5.28932
5.25854
5.22820
5.19831
5.16885
5.13979
5.11113
5.08286
5.05495
5.02739
5.00016
4.97326
4.94667
4.92037
4.89435
4.86860
4.84309
4.81783
4.79278
4.76794
4.74330
4.71884
4.69455
4.67041
4.64642
4.62255
4.59880
4.57515
4.55159
4.52811
4.50470
4.48133
4.45801
4.43472
4.41145
4.38818
4.36491
4.34162
4.31830
4.29495
4.27154
4.24808
4.22454
4.20093
4.17722
4.15342
4.12950
4.10547
4.08130
4.05700
4.03255
4.00795
3.98318
3.95824
3.93311
3.90780
3.88230
3.85658
3.83066
3.80452
3.77815
3.75155
3.72470
3.69761
3.67027
3.64267
3.61481
3.58667
3.55826
3.52957
3.50059
3.47132
3.44175
3.41188
3.38171
3.35122
3.32042
3.28931
3.25787
3.22611
3.19402
3.16160
3.12884
3.09575
3.06232
3.02855
2.99443
2.95997
2.92516
2.88999
2.85448
2.81862
2.78240
2.74583
2.70891
2.67163
2.63399
2.59600
2.55765
2.51895
2.47989
2.44048
2.40071
2.36059
2.32012
2.27930
2.23813
2.19661
2.15475
2.11254
2.07000
2.02711
1.98389
1.94033
1.89645
1.85224
1.80770
1.76285
1.71768
1.67220
1.62641
1.58031
1.53392
1.48724
1.44027
1.39301
1.34548
1.29768
1.24961
1.20129
1.15271
1.10389
1.05483
1.00555
0.95604
0.90632
0.85639
0.80627
0.75596
0.70547
0.65482
0.60402
0.55307
0.50198
0.45077
0.39946
0.34805
0.29656
0.24499
0.19338
0.14172
0.09004
0.03836
-0.01331
-0.06495
-0.11655
-0.16808
-0.21952
-0.27085
-0.32204
-0.37309
-0.42395
-0.47461
-0.52503
-0.57520
-0.62508
-0.67464
-0.72385
-0.77267
-0.82108
-0.86904
-0.91651
-0.96344
-1.00981
-1.05557
-1.10067
-1.14507
-1.18872
-1.23157
-1.27358
-1.31468
-1.35482
-1.39395
-1.43201
-1.46894
-1.50466
-1.53913
-1.57228
-1.60403
-1.63431
-1.66306
-1.69020
-1.71566
-1.73937
-1.76124
-1.78120
-1.79917
-1.81508
-1.82884
-1.84038
-1.84962
-1.85648
-1.86088
-1.86275
-1.86201
-1.85860
-1.85245
-1.84347
-1.83162
-1.81683
-1.79904
-1.77820
-1.75426
-1.72717
-1.69690
-1.66340
-1.62665
-1.58662
-1.54330
-1.49665
-1.44669
-1.39340
-1.33679
-1.27687
-1.21364
-1.14713
-1.07736
-1.00436
-0.92816
-0.84880
-0.76633
-0.68079
-0.59224
-0.50073
-0.40631
-0.30905
-0.20902
-0.10628
-0.00091
0.10703
0.21746
0.33030
0.44548
0.56291
0.68251
0.80421
0.92792
1.05356
1.18104
1.31028
1.44120
1.57371
1.70772
1.84316
1.97993
2.11795
2.25715
2.39743
2.53872
2.68092
2.82397
2.96777
3.11225
3.25733
3.40293
3.54897
3.69537
3.84206
3.98896
4.13600
4.28310
4.43019
4.57720
4.72405
4.87068
5.01702
5.16299
5.30854
5.45360
5.59810
5.74198
5.88517
6.02762
6.16927
6.31004
6.44990
6.58877
6.72661
6.86335
6.99895
7.13335
7.26651
7.39836
7.52886
7.65797
7.78564
7.91182
8.03646
8.15953
8.28098
8.40076
8.51886
8.63521
8.74978
8.86254
8.97346
9.08249
9.18961
9.29478
9.39798
9.49917
9.59832
9.69541
9.79041
9.88330
9.97405
10.06263
10.14904
10.23324
10.31522
10.39495
10.47243
10.54763
10.62054
10.69114
10.75942
10.82537
10.88898
10.95023
11.00912
11.06564
11.11978
11.17153
11.22089
11.26785
11.31241
11.35457
11.39433
11.43168
11.46662
11.49916
11.52929
11.55702
11.58235
11.60529
11.62584
11.64400
11.65979
11.67320
11.68425
11.69295
11.69930
11.70331
11.70500
11.70438
11.70146
11.69625
11.68876
11.67901
11.66702
11.65279
11.63635
11.61771
11.59689
11.57390
11.54877
11.52150
11.49213
11.46067
11.42714
11.39156
11.35395
11.31434
11.27274
11.22917
11.18367
11.13625
11.08694
11.03575
10.98272
10.92786
10.87121
10.81279
10.75262
10.69073
10.62714
10.56188
10.49498
10.42647
10.35636
10.28469
10.21148
10.13677
10.06057
9.98292
9.90385
9.82338
9.74153
9.65835
9.57385
9.48807
9.40103
9.31276
9.22329
9.13265
9.04087
8.94797
8.85399
8.75895
8.66288
8.56581
8.46777
8.36879
8.26889
8.16811
8.06646
7.96399
7.86072
7.75667
7.65187
7.54636
7.44016
7.33329
7.22579
7.11768
7.00899
6.89974
6.78996
6.67969
6.56894
6.45774
6.34612
6.23410
6.12171
6.00898
5.89592
5.78257
5.66894
5.55508
5.44098
5.32669
5.21223
5.09761
4.98287
4.86802
4.75309
4.63810
4.52307
4.40803
4.29299
4.17798
4.06302
3.94813
3.83332
3.71863
3.60407
3.48966
3.37541
3.26136
3.14751
3.03389
2.92052
2.80740
2.69457
2.58204
2.46983
2.35794
2.24641
2.13525
2.02447
1.91410
1.80415
1.69463
1.58556
1.47696
1.36885
1.26124
1.15415
1.04760
0.94161
0.83618
0.73135
0.62712
0.52352
0.42057
0.31829
0.21670
0.11582
0.01567
-0.08371
-0.18232
-0.28011
-0.37705
-0.47313
-0.56830
-0.66253
-0.75579
-0.84802
-0.93920
-1.02926
-1.11817
-1.20586
-1.29229
-1.37738
-1.46106
-1.54327
-1.62393
-1.70295
-1.78025
-1.85571
-1.92925
-2.00074
-2.07007
-2.13711
-2.20173
-2.26378
-2.32311
-2.37955
-2.43295
-2.48311
-2.52986
-2.57300
-2.61233
-2.64765
-2.67873
-2.70537
-2.72733
-2.74440
-2.75636
-2.76296
-2.76400
-2.75925
-2.74850
-2.73155
-2.70819
-2.67824
-2.64153
-2.59790
-2.54721
-2.48934
-2.42416
-2.35161
-2.27160
-2.18409
-2.08904
-1.98645
-1.87632
-1.75868
-1.63356
-1.50104
-1.36118
-1.21406
-1.05980
-0.89849
-0.73027
-0.55525
-0.37358
-0.18540
0.00914
0.20988
0.41667
0.62935
0.84774
1.07168
1.30102
1.53556
1.77515
2.01961
2.26878
2.52248
2.78054
3.04280
3.30907
3.57920
3.85301
4.13034
4.41102
4.69489
4.98177
5.27151
5.56394
5.85891
6.15625
6.45580
6.75742
7.06093
7.36620
7.67305
7.98135
8.29095
8.60169
8.91343
9.22603
9.53934
9.85322
10.16753
10.48213
10.79689
11.11167
11.42634
11.74077
12.05483
12.36839
12.68133
12.99353
13.30486
13.61521
13.92446
14.23248
14.53918
14.84444
15.14815
15.45020
15.75048
16.04891
16.34536
16.63975
16.93198
17.22196
17.50959
17.79477
18.07744
18.35748
18.63484
18.90941
19.18112
19.44990
19.71567
19.97835
20.23787
20.49417
20.74718
20.99683
21.24305
21.48580
21.72500
21.96061
22.19257
22.42082
22.64532
22.86601
23.08285
23.29580
23.50481
23.70984
23.91086
24.10783
24.30070
24.48946
24.67407
24.85449
25.03071
25.20270
25.37044
25.53389
25.69305
25.84790
25.99842
26.14459
26.28641
26.42386
26.55693
26.68562
26.80992
26.92982
27.04533
27.15645
27.26316
27.36549
27.46342
27.55697
27.64614
27.73094
27.81138
27.88747
27.95922
28.02666
28.08978
28.14862
28.20319
28.25350
28.29957
28.34144
28.37912
28.41264
28.44201
28.46728
28.48845
28.50558
28.51867
28.52777
28.53291
28.53411
28.53142
28.52486
28.51447
28.50029
28.48236
28.46071
28.43538
28.40641
28.37384
28.33772
28.29808
28.25497
28.20843
28.15851
28.10524
28.04867
27.98885
27.92583
27.85965
27.79036
27.71800
27.64263
27.56429
27.48303
27.39890
27.31195
27.22223
27.12979
27.03468
26.93695
26.83665
26.73383
26.62855
26.52086
26.41080
26.29843
26.18379
26.06696
25.94796
25.82687
25.70372
25.57858
25.45149
25.32250
25.19168
25.05906
24.92470
24.78866
24.65098
24.51173
24.37094
24.22867
24.08497
23.93989
23.79349
23.64581
23.49691
23.34682
23.19562
23.04333
22.89002
22.73573
22.58052
22.42442
22.26748
22.10976
21.95131
21.79216
21.63236
21.47197
21.31102
21.14956
20.98764
20.82530
20.66258
20.49953
20.33619
20.17260
20.00881
19.84485
19.68078
19.51662
19.35241
19.18820
19.02403
18.85993
18.69594
18.53211
18.36845
18.20502
18.04184
17.87896
17.71640
17.55420
17.39239
17.23101
17.07008
16.90965
16.74973
16.59036
16.43156
16.27338
16.11583
15.95895
15.80275
15.64728
15.49254
15.33857
15.18540
15.03304
14.88152
14.73086
14.58109
14.43222
14.28428
14.13729
13.99126
13.84622
13.70219
13.55917
13.41720
13.27628
13.13643
12.99766
12.86000
12.72346
12.58805
12.45377
12.32066
12.18871
12.05793
11.92835
11.79996
11.67279
11.54683
11.42209
11.29859
11.17633
11.05532
10.93556
10.81706
10.69983
10.58386
10.46917
10.35575
10.24362
10.13277
10.02320
9.91492
9.80793
9.70223
9.59781
9.49469
9.39285
9.29229
9.19303
9.09504
8.99834
8.90291
8.80876
8.71588
8.62426
8.53391
8.44482
8.35697
8.27037
8.18501
8.10089
8.01799
7.93632
7.85585
7.77659
7.69853
7.62165
7.54596
7.47143
7.39807
7.32585
7.25478
7.18485
7.11603
7.04832
6.98172
6.91620
6.85176
6.78838
6.72606
6.66478
6.60453
6.54530
6.48707
6.42983
6.37358
6.31829
6.26394
6.21054
6.15807
6.10650
6.05584
6.00605
5.95714
5.90908
5.86186
5.81547
5.76989
5.72511
5.68110
5.63787
5.59539
5.55365
5.51262
5.47231
5.43269
5.39375
5.35546
5.31783
5.28083
5.24444
5.20866
5.17346
5.13884
5.10476
5.07123
5.03823
5.00573
4.97373
4.94222
4.91116
4.88056
4.85039
4.82064
4.79129
4.76234
4.73376
4.70555
4.67768
4.65014
4.62292
4.59600
4.56938
4.54303
4.51693
4.49109
4.46548
4.44009
4.41491
4.38992
4.36510
4.34046
4.31596
4.29161
4.26738
4.24327
4.21927
4.19535
4.17150
4.14773
4.12400
4.10032
4.07667
4.05304
4.02941
4.00578
3.98213
3.95846
3.93476
3.91100
3.88719
3.86331
3.83935
3.81530
3.79116
3.76691
3.74254
3.71805
3.69343
3.66866
3.64374
3.61867
3.59342
3.56800
3.54239
3.51660
3.49060
3.46440
3.43799
3.41135
3.38449
3.35740
3.33006
3.30248
3.27465
3.24657
3.21822
3.18960
3.16071
3.13153
3.10208
3.07234
3.04231
3.01198
2.98135
2.95041
2.91917
2.88762
2.85575
2.82357
2.79106
2.75823
2.72508
2.69160
2.65779
2.62365
2.58917
2.55436
2.51921
2.48373
2.44790
2.41174
2.37524
2.33840
2.30122
2.26369
2.22583
2.18763
2.14909
2.11021
2.07099
2.03144
1.99155
1.95133
1.91078
1.86990
1.82869
1.78716
1.74531
1.70314
1.66065
1.61785
1.57474
1.53133
1.48762
1.44361
1.39930
1.35471
1.30984
1.26469
1.21927
1.17358
1.12763
1.08143
1.03498
0.98829
0.94137
0.89423
0.84686
0.79929
0.75152
0.70356
0.65542
0.60711
0.55863
0.51001
0.46125
0.41236
0.36335
0.31424
0.26504
0.21577
0.16643
0.11705
0.06764
0.01821
-0.03121
-0.08061
-0.12998
-0.17928
-0.22851
-0.27764
-0.32664
-0.37550
-0.42420
-0.47270
-0.52098
-0.56902
-0.61678
-0.66424
-0.71137
-0.75813
-0.80449
-0.85041
-0.89587
-0.94082
-0.98522
-1.02904
-1.07223
-1.11474
-1.15654
-1.19757
-1.23779
-1.27715
-1.31558
-1.35305
-1.38949
-1.42485
-1.45907
-1.49208
-1.52382
-1.55424
-1.58326
-1.61083
-1.63686
-1.66129
-1.68406
-1.70508
-1.72429
-1.74162
-1.75699
-1.77033
-1.78157
-1.79063
-1.79744
-1.80194
-1.80404
-1.80369
-1.80081
-1.79534
-1.78722
-1.77639
-1.76279
-1.74636
-1.72706
-1.70484
-1.67966
-1.65148
-1.62026
-1.58597
-1.54860
-1.50812
-1.46451
-1.41777
-1.36790
-1.31488
-1.25873
-1.19947
-1.13710
-1.07164
-1.00313
-0.93159
-0.85705
-0.77956
-0.69916
-0.61590
-0.52982
-0.44098
-0.34943
-0.25524
-0.15847
-0.05919
0.04254
0.14665
