31.11042
30.26492
29.43167
28.63375
27.84315
27.09875
26.36398
25.63514
24.94414
24.27520
23.65656
23.00560
22.41995
21.82378
21.24097
20.70416
20.14673
19.61150
19.09836
18.59212
18.09571
17.63644
17.17478
16.73140
16.27312
15.85720
15.44137
15.04848
14.64107
14.25579
13.88474
13.54619
13.19734
12.86951
12.53077
12.19825
11.91001
11.61181
11.32037
11.03899
10.78962
10.53502
10.28445
10.07416
9.85592
9.66339
9.47758
9.33574
9.20549
9.08107
8.99417
8.94399
8.91206
8.96618
9.04699
9.17676
9.39233
9.70150
10.08254
10.59769
11.23988
12.02912
12.96514
14.10966
15.44840
17.00965
18.80394
20.82939
23.02896
25.43337
27.94343
30.50406
33.04411
35.43131
37.58801
39.38332
40.78890
41.75573
42.27649
42.35938
42.05812
41.45511
40.61777
39.58433
38.45636
37.28598
36.09542
34.89950
33.77475
32.68789
31.65325
30.69480
29.75311
28.90242
28.05475
27.29377
26.54691
25.84404
25.19599
24.55772
23.97503
23.36845
22.83972
22.30315
21.79155
21.31800
20.84997
20.43698
20.02596
19.64563
19.29832
18.94634
18.65814
18.39120
18.14672
17.93823
17.79342
17.65197
17.56990
17.53234
17.55231
17.60907
17.76042
17.94812
18.21286
18.56777
19.00975
19.55378
20.15548
20.85993
21.65568
22.56514
23.54403
24.58316
25.74090
26.89923
28.10388
29.29228
30.46264
31.57875
32.58022
33.51069
34.25158
34.87100
35.33456
35.60333
35.71545
35.66166
35.47572
35.14029
34.73133
34.22908
33.66346
33.02866
32.36076
31.66557
30.97683
30.25985
29.53475
28.86094
28.15618
27.49216
26.79954
26.17247
25.53955
24.91305
24.31919
23.74566
23.19544
22.61798
22.08311
21.57356
21.08855
20.60048
20.12371
19.67120
19.25123
18.83512
18.44942
18.06759
17.71985
17.39483
17.09207
16.79108
16.56088
16.33722
16.16809
16.01262
15.91439
15.84460
15.82181
15.88200
15.96463
16.10388
16.35088
16.64812
17.07688
17.57291
18.16991
18.89356
19.73237
20.64629
21.73475
22.91939
24.17132
25.51275
26.93105
28.38594
29.83135
31.24050
32.55601
33.77458
34.80560
35.67801
36.32923
36.78866
37.02865
37.07840
36.90211
36.58718
36.13849
35.57809
34.89957
34.18744
33.42946
32.63609
31.86103
31.04725
30.25692
29.48607
28.70006
27.97130
27.24506
26.52170
25.83226
25.15408
24.50972
23.86397
23.27114
22.66609
22.06922
21.54588
20.97921
20.43989
19.92430
19.43776
18.93018
18.48742
18.00962
17.56160
17.15656
16.73848
16.35572
15.97107
15.60754
15.23950
14.90512
14.57709
14.29500
14.03396
13.78031
13.54063
13.35265
13.19253
13.06956
12.95776
12.89336
12.89702
12.93237
13.04545
13.20732
13.47734
13.81834
14.26403
14.82679
15.51140
16.33348
17.29541
18.41200
19.69176
21.14286
22.73747
24.42716
26.25657
28.15030
30.05633
31.92217
33.68265
35.29410
36.70076
37.82041
38.62707
39.15538
39.37628
39.31863
39.02949
38.52529
37.82814
37.01910
36.15261
35.23390
34.26966
33.30361
32.34541
31.42534
30.51825
29.64564
28.80983
27.97695
27.18893
26.46450
25.73616
25.02646
24.35360
23.69212
23.05634
22.41821
21.85565
21.27790
20.70926
20.16344
19.63482
19.12438
18.61641
18.14250
17.65581
17.20278
16.75556
16.33397
15.89871
15.52893
15.13404
14.72743
14.38247
14.02596
13.69217
13.36617
13.05506
12.77974
12.50487
12.22298
11.97631
11.76717
11.57134
11.37335
11.20689
11.09807
11.00935
10.95419
10.94281
11.01338
11.09341
11.27608
11.52348
11.88780
12.32800
12.86911
13.57495
14.41432
15.41194
16.59715
17.95666
19.50696
21.27042
23.18056
25.25456
27.42773
29.63433
31.85023
33.96921
35.89731
37.57603
38.94520
39.93895
40.58562
40.85688
40.78225
40.41891
39.80494
39.00366
38.05773
37.06884
36.00512
34.93988
33.87808
32.84117
31.82237
30.85567
29.94044
29.07007
28.23198
27.43663
26.65640
25.92537
25.23805
24.55488
23.91924
23.27306
22.67355
22.09743
21.54551
21.00022
20.47662
19.98313
19.49961
19.04800
18.58958
18.17506
17.76406
17.37053
17.01640
16.68364
16.37178
16.04606
15.77458
15.53424
15.32184
15.12757
14.99125
14.89631
14.82295
14.81932
14.86507
14.96391
15.13311
15.40522
15.75045
16.17678
16.71856
17.37783
18.13678
19.03974
20.05080
21.23369
22.49442
23.89615
25.36909
26.95489
28.54167
30.14305
31.71219
33.14733
34.48412
35.60784
36.53674
37.22766
37.68126
37.88781
37.82290
37.62462
37.21342
36.65381
36.00972
35.27572
34.46057
33.62172
32.78061
31.92221
31.09171
30.23828
29.42246
28.62861
27.87068
27.11081
26.38536
25.67698
25.00187
24.33838
23.67638
23.05602
22.45522
21.85528
21.29436
20.73530
20.20504
19.66155
19.14812
18.64553
18.16793
17.67278
17.22542
16.79392
16.37384
15.93849
15.52535
15.12602
14.74271
14.37708
14.02807
13.66470
13.31582
13.00410
12.69664
12.39138
12.09858
11.84385
11.59592
11.33227
11.11936
10.91773
10.73758
