5.66728
5.08346
4.53663
4.02920
3.58163
3.17337
2.80565
2.46938
2.17997
1.91090
1.70453
1.50837
1.34931
1.19713
1.07292
0.95668
0.86549
0.78864
0.72469
0.69558
0.65184
0.60395
0.60145
0.58002
0.58358
0.59355
0.58690
0.59645
0.62612
0.65218
0.66818
0.70744
0.75479
0.80265
0.84633
0.90155
0.98503
1.03722
1.11593
1.20111
1.29134
1.40168
1.52014
1.66429
1.79589
1.95429
2.13644
2.32098
2.52040
2.76587
3.03707
3.31664
3.60226
3.94030
4.30525
4.71000
5.14424
5.64224
6.15707
6.72136
7.35507
8.00389
8.72336
9.44650
10.23765
11.06015
11.86957
12.71985
13.54337
14.31695
15.02884
15.67871
16.20366
16.57264
16.78474
16.79151
16.59348
16.22126
15.65958
14.92691
14.04710
13.04057
12.01050
10.89344
9.78124
8.65549
7.59470
6.57530
5.58558
4.67703
3.83811
3.08497
2.37864
1.74880
1.17136
0.67063
0.20216
-0.20937
-0.58205
-0.90035
-1.19766
-1.46849
-1.71524
-1.95710
-2.15312
-2.37419
-2.55872
-2.74715
-2.91904
-3.09992
-3.29991
-3.48284
-3.69053
-3.90106
-4.10820
-4.35441
-4.59764
-4.83476
-5.11606
-5.41410
-5.74604
-6.07607
-6.40732
-6.76537
-7.16882
-7.59095
-7.97968
-8.42060
-8.88611
-9.34754
-9.82341
-10.29534
-10.75295
-11.20881
-11.63350
-12.03278
-12.38756
-12.70888
-12.94874
-13.13389
-13.24256
-13.22934
-13.19617
-13.04819
-12.80226
-12.50378
-12.13216
-11.70168
-11.22939
-10.70800
-10.12302
-9.58107
-9.00326
-8.42685
-7.87985
-7.32004
-6.80479
-6.32399
-5.86014
-5.42576
-5.05114
-4.69720
-4.36488
-4.09003
-3.82603
-3.58618
-3.42301
-3.24290
-3.10145
-2.98710
-2.92891
-2.85505
-2.80850
-2.78297
-2.78256
-2.82556
-2.82881
-2.88857
-2.97761
-3.06408
-3.14935
-3.27077
-3.42511
-3.55592
-3.73502
-3.91100
-4.13060
-4.37407
-4.60708
-4.89804
-5.16796
-5.51456
-5.85457
-6.23789
-6.63736
-7.03284
-7.49942
-7.97790
-8.47548
-8.98462
-9.52015
-10.04097
-10.59115
-11.15053
-11.64181
-12.13996
-12.60319
-13.03950
-13.40270
-13.67493
-13.88244
-13.98714
-13.99728
-13.88881
-13.69790
-13.38604
-12.98876
-12.51592
-11.96211
-11.38744
-10.72668
-10.08510
-9.37018
-8.69214
-8.02883
-7.39717
-6.75865
-6.19025
-5.61819
-5.13710
-4.65583
-4.24036
-3.84223
-3.50318
-3.17422
-2.90839
-2.69471
-2.47189
-2.30957
-2.14323
-2.01440
-1.90589
-1.82612
-1.74625
-1.70072
-1.66110
-1.66275
-1.64373
-1.67597
-1.71492
-1.73591
-1.79283
-1.83088
-1.91438
-2.00363
-2.11112
-2.22212
-2.32300
-2.46884
-2.64339
-2.81890
-2.98800
-3.22354
-3.43166
-3.68991
-3.94976
-4.25300
-4.56964
-4.92259
-5.30986
-5.71295
-6.11079
-6.62137
-7.14865
-7.65464
-8.25140
-8.84372
-9.45868
-10.11958
-10.78057
-11.44856
-12.11767
-12.75295
-13.35811
-13.91529
-14.39552
-14.78114
-15.05220
-15.20502
-15.22919
-15.09340
-14.83638
-14.43395
-13.92046
-13.28222
-12.57867
-11.77051
-10.94598
-10.08299
-9.20905
-8.35274
-7.54234
-6.71692
-5.98650
-5.26632
-4.60544
-4.02243
-3.47400
-2.96918
-2.51696
-2.11176
-1.75414
-1.42333
-1.16088
-0.89315
-0.69397
-0.48685
-0.30508
-0.15440
-0.02045
0.11449
0.20880
0.33082
0.41237
0.50334
0.57980
0.67139
0.74312
0.81105
0.88206
0.94605
1.04472
1.13675
1.19483
1.30490
1.41782
1.51523
1.61783
1.75201
1.87081
2.01896
2.19539
2.38256
2.56236
2.78271
2.97557
3.24891
3.50543
3.82001
4.12938
4.49505
4.87234
5.29761
5.73888
6.24630
6.77404
7.35176
7.93512
8.57170
9.23825
9.97988
10.71233
11.46014
12.21371
12.93141
13.65820
14.31121
14.89084
15.38049
15.73370
15.95038
16.01303
15.90582
15.63603
15.19307
14.62882
13.92929
13.10342
12.19556
11.22435
10.23649
9.27062
8.28611
7.32640
6.43326
5.56333
4.77984
4.07537
3.40952
2.79302
2.24237
1.73018
1.29725
0.88890
0.54558
0.22891
-0.05502
-0.29556
-0.55141
-0.75736
-0.93967
-1.11585
-1.28938
-1.45039
-1.57885
-1.71109
-1.86518
-2.01838
-2.15620
-2.30383
-2.45542
-2.62006
-2.79597
-2.96950
-3.15774
-3.34969
-3.59172
-3.82628
-4.08356
-4.34304
-4.65372
-4.97033
-5.33636
-5.68568
-6.07109
-6.50095
-6.95790
-7.42449
-7.94637
-8.45616
-9.02087
-9.58433
-10.16376
-10.73822
-11.31824
-11.86598
-12.43507
-12.94348
-13.39962
-13.78847
-14.08521
-14.32215
-14.41345
-14.44172
-14.28852
-14.05345
-13.70383
-13.25488
-12.70353
-12.11348
-11.42453
-10.70766
-9.96231
-9.23768
-8.47925
-7.77106
-7.06610
-6.41055
-5.79754
-5.20196
-4.67254
-4.16603
-3.76221
-3.33403
-2.97442
-2.63987
-2.35333
-2.12639
-1.89523
-1.70006
-1.53711
-1.37759
-1.26612
-1.20059
-1.10376
-1.03326
-0.97203
-0.90562
-0.90802
-0.91733
-0.88885
-0.89693
-0.89611
-0.91575
-0.93357
-0.97363
-1.01820
-1.05699
-1.12326
-1.18353
-1.24829
-1.33234
-1.41373
-1.54093
-1.62370
-1.76709
-1.88976
-2.03148
-2.20040
-2.37695
-2.57160
