-0.48662
-0.59874
-0.70591
-0.75677
-0.75696
-0.71421
-0.67487
-0.59369
-0.54692
-0.47573
-0.38220
-0.33005
-0.23582
-0.13989
-0.08539
0.01025
0.06276
0.12523
0.18550
0.24492
0.30848
0.37323
0.41510
0.48379
0.54973
0.62065
0.67587
0.77500
0.84661
0.92071
1.00046
1.09413
1.16827
1.26427
1.40225
1.51489
1.65713
1.83260
1.95768
2.13365
2.31504
2.54833
2.76746
3.00980
3.30165
3.60552
3.94948
4.31815
4.72879
5.19673
5.68364
6.21303
6.81367
7.47471
8.15334
8.92224
9.76847
10.64918
11.60153
12.61608
13.71431
14.83788
15.95206
17.09914
18.23158
19.29269
20.27113
21.05720
21.65721
21.91985
21.92553
21.50740
20.68403
19.45077
17.86093
15.92041
13.74905
11.43589
9.10326
6.81599
4.68397
2.78906
1.14676
-0.27103
-1.39620
-2.30331
-2.96704
-3.47009
-3.81370
-4.05730
-4.18151
-4.25580
-4.26053
-4.23232
-4.19481
-4.19270
-4.13345
-4.09015
-4.05010
-4.04122
-4.03278
-4.06245
-4.10002
-4.16172
-4.23216
-4.34149
-4.45819
-4.59983
-4.78623
-5.00242
-5.21297
-5.45223
-5.72457
-6.03189
-6.36642
-6.72215
-7.09543
-7.51878
-7.95037
-8.42606
-8.93089
-9.43580
-9.98843
-10.55501
-11.12809
-11.71587
-12.33030
-12.91129
-13.50772
-14.03459
-14.53040
-14.99207
-15.35180
-15.63066
-15.80282
-15.84574
-15.75645
-15.49323
-15.09807
-14.55997
-13.88511
-13.06187
-12.15631
-11.17925
-10.15664
-9.10086
-8.08718
-7.08205
-6.15084
-5.28159
-4.51568
-3.83138
-3.23997
-2.74444
-2.34961
-2.03555
-1.76184
-1.57368
-1.44148
-1.36021
-1.32985
-1.30369
-1.36215
-1.36316
-1.48036
-1.55563
-1.64301
-1.77629
-1.88797
-2.03884
-2.17233
-2.33478
-2.49949
-2.68405
-2.86772
-3.05089
-3.27185
-3.48113
-3.71765
-3.98934
-4.24478
-4.55612
-4.85109
-5.18779
-5.55273
-5.93234
-6.34994
-6.78038
-7.26368
-7.75642
-8.29381
-8.85931
-9.44303
-10.09042
-10.72336
-11.42436
-12.11355
-12.80834
-13.50162
-14.19736
-14.86328
-15.46121
-16.00809
-16.47138
-16.79048
-17.03394
-17.05327
-16.93223
-16.61711
-16.10809
-15.41918
-14.54468
-13.52216
-12.38107
-11.16492
-9.90502
-8.62907
-7.39349
-6.19029
-5.13816
-4.17420
-3.29654
-2.56339
-1.95826
-1.46029
-1.06072
-0.74951
-0.50402
-0.35041
-0.23694
-0.18688
-0.17116
-0.18723
-0.23810
-0.28038
-0.36585
-0.42628
-0.53084
-0.62076
-0.72205
-0.82532
-0.94043
-1.08333
-1.17703
-1.30669
-1.44639
-1.59118
-1.69599
-1.84950
-2.01376
-2.16749
-2.32859
-2.50450
-2.71623
-2.92798
-3.14812
-3.40941
-3.65439
-3.97172
-4.27196
-4.60436
-4.99086
-5.38338
-5.82226
-6.27574
-6.78891
-7.34461
-7.90773
-8.54838
-9.21489
-9.95212
-10.72435
-11.52546
-12.34750
-13.23325
-14.10889
-14.99327
-15.86361
-16.71796
-17.48107
-18.12646
-18.65029
-19.02430
-19.18074
-19.09020
-18.74882
-18.12284
-17.23314
-16.07627
-14.69414
-13.14569
-11.51081
-9.79417
-8.11554
-6.50436
-4.98962
-3.62032
-2.43562
-1.42380
-0.57205
0.08076
0.61239
1.02439
1.33422
1.52300
1.66180
1.73727
1.77087
1.76676
1.72053
1.68387
1.63111
1.57352
1.50860
1.47548
1.41965
1.37427
1.31478
1.30184
1.29471
1.28418
1.28617
1.30082
1.32265
1.33785
1.38890
1.43069
1.49680
1.57422
1.65514
1.72470
1.84998
1.95851
2.11819
2.26689
2.43818
2.61486
2.81187
3.05251
3.29287
3.56681
3.86242
4.18965
4.54662
4.94661
5.36649
5.84507
6.34155
6.90342
7.53236
8.17640
8.88620
9.65244
10.46622
11.33824
12.24093
13.21111
14.20195
15.20065
16.21836
17.21010
18.13581
18.99100
19.67393
20.21031
20.49659
20.54233
20.24016
19.66657
18.66696
17.38667
15.82709
14.00340
12.08602
10.07166
8.08857
6.17391
4.45079
2.86687
1.47640
0.33578
-0.58006
-1.33626
-1.89365
-2.32641
-2.60386
-2.81210
-2.91709
-2.99620
-3.01402
-2.99552
-2.97382
-2.92361
-2.86702
-2.82078
-2.74994
-2.74702
-2.73862
-2.72482
-2.73854
-2.76987
-2.81242
-2.87248
-2.95209
-3.04907
-3.15071
-3.28353
-3.43574
-3.59681
-3.79548
-4.01283
-4.26876
-4.52643
-4.82137
-5.15975
-5.47961
-5.87525
-6.28326
-6.74201
-7.22075
-7.73200
-8.28430
-8.87211
-9.49860
-10.15953
-10.87014
-11.57446
-12.33424
-13.10320
-13.84492
-14.60925
-15.32843
-16.00489
-16.63393
-17.12041
-17.50683
-17.73747
-17.79604
-17.66160
-17.28513
-16.73579
-15.91758
-14.93248
-13.77098
-12.47651
-11.08577
-9.67759
-8.27609
-6.90016
-5.65805
-4.46546
-3.42551
-2.55605
-1.80237
-1.15595
-0.66231
-0.27550
0.02340
0.25078
0.37444
0.46639
0.48986
0.50696
0.47439
0.44366
0.37050
0.30553
0.23104
0.15006
0.06116
-0.00706
-0.09505
-0.16947
-0.26109
-0.36375
-0.43585
-0.52288
-0.60850
-0.69383
-0.75835
-0.85205
-0.92315
-1.01057
-1.11485
-1.22470
-1.33106
-1.44556
-1.57150
-1.69895
-1.84186
-1.99813
-2.19230
-2.37085
-2.56300
-2.78383
-3.02006
-3.29304
-3.57690
-3.88992
-4.24233
-4.60194
