5.67770
5.07725
4.52382
4.05034
3.58867
3.16269
2.80569
2.48092
2.19271
1.91815
1.68984
1.49592
1.35634
1.18089
1.06922
0.97184
0.87946
0.81226
0.73003
0.69958
0.63742
0.62443
0.60604
0.57887
0.57059
0.60141
0.60957
0.60019
0.61501
0.64635
0.68183
0.72129
0.76231
0.77350
0.85151
0.90388
0.97646
1.05428
1.11825
1.22146
1.31469
1.41103
1.52445
1.67143
1.79423
1.96858
2.14637
2.31825
2.54394
2.75026
3.02348
3.29935
3.59353
3.94701
4.30401
4.69408
5.15213
5.65457
6.16557
6.73153
7.33721
8.00501
8.68555
9.43901
10.24370
11.04472
11.88598
12.71616
13.52860
14.33763
15.03652
15.70499
16.21452
16.56722
16.77769
16.79573
16.59307
16.21223
15.64876
14.91934
14.02877
13.08227
11.99662
10.88784
9.79026
8.66218
7.59547
6.55427
5.58789
4.67512
3.85090
3.07320
2.38595
1.76666
1.18566
0.65180
0.21727
-0.21250
-0.58469
-0.88315
-1.21521
-1.47506
-1.73134
-1.94431
-2.15584
-2.35647
-2.54521
-2.76078
-2.91700
-3.11402
-3.30534
-3.50325
-3.69454
-3.89615
-4.11288
-4.33932
-4.59777
-4.84140
-5.12889
-5.42559
-5.72815
-6.05987
-6.40453
-6.77800
-7.15502
-7.57703
-7.99074
-8.43580
-8.87336
-9.35011
-9.83052
-10.29717
-10.76123
-11.19658
-11.64383
-12.06336
-12.40239
-12.71311
-12.94886
-13.13224
-13.24872
-13.25636
-13.21308
-13.04246
-12.81630
-12.50083
-12.13606
-11.72569
-11.21385
-10.68874
-10.15858
-9.58676
-9.00928
-8.44190
-7.88417
-7.33581
-6.80510
-6.32741
-5.85157
-5.43313
-5.04127
-4.68097
-4.36702
-4.09728
-3.82079
-3.61590
-3.43068
-3.25545
-3.14331
-3.00562
-2.94516
-2.85852
-2.81754
-2.79237
-2.79728
-2.81336
-2.83453
-2.90557
-2.96661
-3.05723
-3.16499
-3.26990
-3.41646
-3.55271
-3.71560
-3.91145
-4.14015
-4.35074
-4.61101
-4.89157
-5.18689
-5.52634
-5.87217
-6.24721
-6.62624
-7.04580
-7.51535
-8.00104
-8.46677
-8.96683
-9.50592
-10.05253
-10.59341
-11.13777
-11.64450
-12.15533
-12.62760
-13.03489
-13.38901
-13.66948
-13.87384
-13.98963
-13.99894
-13.89325
-13.67795
-13.39264
-13.00143
-12.50955
-11.97751
-11.37156
-10.72013
-10.06238
-9.39796
-8.71379
-8.04466
-7.39629
-6.76512
-6.17229
-5.63216
-5.12823
-4.65440
-4.23001
-3.82700
-3.49991
-3.19593
-2.91472
-2.67409
-2.47437
-2.28733
-2.12385
-2.00886
-1.90308
-1.81048
-1.73642
-1.70589
-1.69106
-1.66375
-1.65070
-1.65913
-1.70738
-1.72472
-1.77960
-1.83364
-1.93193
-2.00504
-2.10489
-2.22500
-2.33595
-2.48530
-2.63986
-2.80268
-3.00475
-3.21250
-3.42050
-3.66628
-3.95157
-4.25225
-4.58192
-4.90898
-5.29907
-5.72160
-6.16076
-6.61667
-7.11773
-7.67349
-8.19449
-8.82553
-9.46905
-10.13685
-10.78541
-11.46173
-12.12159
-12.75427
-13.37881
-13.90922
-14.39489
-14.78776
-15.06858
-15.21143
-15.22824
-15.11176
-14.84173
-14.46045
-13.90421
-13.27480
-12.56327
-11.78009
-10.96174
-10.08257
-9.20462
-8.37875
-7.51720
-6.72511
-5.96101
-5.26866
-4.61337
-4.01521
-3.45797
-2.96991
-2.51824
-2.11136
-1.76696
-1.41959
-1.15273
-0.90997
-0.68926
-0.49010
-0.31222
-0.16143
-0.01249
0.09630
0.20042
0.30706
0.40516
0.50121
0.59153
0.65720
0.74655
0.82451
0.89408
0.95678
1.03617
1.12933
1.20731
1.31546
1.39987
1.50030
1.62238
1.76895
1.87284
2.02044
2.18325
2.38270
2.54517
2.77701
2.99630
3.23278
3.51845
3.82769
4.15566
4.50026
4.89035
5.29486
5.75388
6.24932
6.75745
7.33070
7.95074
8.59458
9.25890
10.00622
10.69787
11.47125
12.20526
12.94392
13.64657
14.31009
14.88067
15.37465
15.72602
15.95987
16.01937
15.91523
15.65001
15.19043
14.62070
13.90640
13.08945
12.17965
11.21684
10.24435
9.25486
8.27778
7.33779
6.43754
5.59985
4.79762
4.07407
3.38583
2.79886
2.23887
1.73940
1.31218
0.89619
0.53689
0.21902
-0.06082
-0.32626
-0.53800
-0.76105
-0.96040
-1.13213
-1.26636
-1.44672
-1.57932
-1.74085
-1.87431
-2.01932
-2.13519
-2.29259
-2.45935
-2.61451
-2.80263
-2.96410
-3.15331
-3.37216
-3.58321
-3.81260
-4.07632
-4.34821
-4.64215
-4.96047
-5.28639
-5.67869
-6.08632
-6.50415
-6.94909
-7.42519
-7.93868
-8.46656
-9.00131
-9.59359
-10.15928
-10.72356
-11.34859
-11.89548
-12.45386
-12.96303
-13.41254
-13.79789
-14.12364
-14.32119
-14.41480
-14.40783
-14.30985
-14.05381
-13.70953
-13.25507
-12.70714
-12.09112
-11.41413
-10.73302
-9.98622
-9.24925
-8.49013
-7.76543
-7.08237
-6.37001
-5.79526
-5.22254
-4.67671
-4.17898
-3.74200
-3.31390
-2.97046
-2.64926
-2.35282
-2.11068
-1.90164
-1.69165
-1.54792
-1.40165
-1.26349
-1.18034
-1.10743
-1.00385
-0.98247
-0.92497
-0.91182
-0.88227
-0.89694
-0.87599
-0.88885
-0.89987
-0.94361
-0.96399
-1.00588
-1.05487
-1.11366
-1.18337
-1.23214
-1.33434
-1.40975
-1.52021
-1.64350
-1.74724
-1.89334
-2.04370
-2.19942
-2.37374
-2.57568
