31.11365
30.25566
29.42605
28.62683
27.84844
27.09464
26.36344
25.63824
24.97767
24.30201
23.64436
23.01912
22.40859
21.80289
21.24995
20.68772
20.12843
19.61059
19.08915
18.59011
18.11578
17.64357
17.16408
16.72322
16.27639
15.86520
15.45187
15.04904
14.65738
14.28556
13.91394
13.52852
13.19447
12.86235
12.53312
12.21145
11.91056
11.61178
11.32713
11.05202
10.77085
10.53073
10.28359
10.06376
9.85251
9.67221
9.49539
9.33113
9.19765
9.07137
8.99098
8.95027
8.93115
8.97114
9.05152
9.18712
9.40807
9.71202
10.08361
10.59718
11.22578
12.02257
12.96922
14.10678
15.44117
17.02252
18.79467
20.83564
23.04963
25.43492
27.95288
30.51420
33.02219
35.42121
37.57601
39.38708
40.79159
41.76139
42.29175
42.35812
42.05909
41.45338
40.63236
39.59398
38.46326
37.29056
36.08850
34.90524
33.76628
32.67415
31.65118
30.68273
29.75867
28.88910
28.06349
27.27668
26.54894
25.85381
25.18605
24.56977
23.93918
23.37444
22.83868
22.27524
21.80639
21.30946
20.86240
20.43108
20.00845
19.63085
19.28131
18.96933
18.65652
18.38994
18.14700
17.94384
17.77912
17.65587
17.57006
17.53519
17.55741
17.62382
17.75049
17.96402
18.21459
18.59579
19.00670
19.53877
20.14934
20.85375
21.66250
22.57163
23.54596
24.59141
25.73062
26.91452
28.09804
29.29255
30.48651
31.56971
32.60029
33.51529
34.27363
34.88683
35.33601
35.59244
35.70058
35.65556
35.47128
35.16056
34.71817
34.22471
33.65263
33.01342
32.34168
31.66350
30.96994
30.24805
29.55365
28.85890
28.19046
27.47230
26.82785
26.15241
25.55347
24.92118
24.32803
23.73013
23.19259
22.61316
22.08009
21.57257
21.05651
20.60106
20.10739
19.67368
19.25007
18.83223
18.44741
18.06535
17.70973
17.38263
17.07907
16.80973
16.56066
16.35242
16.15932
16.01035
15.88569
15.84470
15.79968
15.85907
15.94353
16.12449
16.36062
16.66936
17.07648
17.58882
18.18261
18.88877
19.70338
20.69426
21.73003
22.89027
24.17706
25.50586
26.93535
28.38508
29.81375
31.23363
32.55676
33.76517
34.80672
35.68782
36.31897
36.78773
37.03058
37.07881
36.91361
36.58684
36.10971
35.55122
34.89716
34.19080
33.44269
32.66535
31.86289
31.05151
30.26622
29.46753
28.71425
27.97761
27.23859
26.52689
25.82297
25.17440
24.52912
23.88659
23.26779
22.67546
22.08479
21.52938
20.98217
20.44307
19.92400
19.43867
18.94452
18.46062
18.02110
17.58230
17.13058
16.73565
16.32950
15.94611
15.56883
15.23605
14.92125
14.60503
14.32765
14.03145
13.76064
13.53909
13.34821
13.20155
13.04886
12.94850
12.90500
12.88806
12.93559
13.03409
13.23241
13.48466
13.82472
14.28576
14.82372
15.51674
16.35841
17.29469
18.41891
19.69798
21.12637
22.70884
24.43776
26.25849
28.15368
30.04012
31.92629
33.69651
35.29699
36.65698
37.80888
38.63426
39.15055
39.38494
39.31330
39.01490
38.50359
37.83676
37.05098
36.15332
35.21772
34.26462
33.31985
32.34982
31.43158
30.50876
29.64832
28.81592
27.98019
27.19793
26.45490
25.71726
25.00395
24.34860
23.67948
23.03944
22.44198
21.83566
21.27638
20.70117
20.16448
19.63400
19.10719
18.61113
18.12080
17.65483
17.20190
16.76455
16.33910
15.90395
15.51219
15.11282
14.76418
14.36594
14.02068
13.70196
13.35418
13.07143
12.77600
12.48954
12.21927
11.98970
11.74465
11.54802
11.36610
11.21947
11.09214
11.01093
10.97667
10.95809
10.99658
11.11116
11.29003
11.54123
11.87205
12.30478
12.88465
13.59577
14.41324
15.41283
16.59731
17.96887
19.52081
21.26922
23.19401
25.26398
27.43718
29.64414
31.84951
33.97494
35.88968
37.53775
38.94525
39.94983
40.58810
40.86056
40.78280
40.42575
39.79880
39.00174
38.08670
37.06770
35.99455
34.93536
33.87684
32.83186
31.82081
30.86973
29.93819
29.07703
28.23588
27.42818
26.65899
25.93003
25.23118
24.53908
23.91027
23.26897
22.69809
22.06855
21.54630
20.99777
20.48770
19.97434
19.49404
19.04163
18.60438
18.16489
17.76125
17.38140
17.00549
16.68776
16.36060
16.05944
15.78856
15.53888
15.32432
15.14392
15.00460
14.90028
14.81943
14.81648
14.87725
14.97110
15.15681
15.41430
15.72810
16.19145
16.69596
17.36980
18.15114
19.03186
20.04870
21.23783
22.48588
23.88020
25.38489
26.94123
28.53799
30.14806
31.70809
33.15698
34.48188
35.59208
36.54571
37.21634
37.67271
37.86617
37.84396
37.63074
37.21452
36.67637
36.00922
35.26913
34.47960
33.65027
32.77055
31.91292
31.08871
30.24813
29.42962
28.62733
27.85099
27.09878
26.36869
25.68430
24.98872
24.33239
23.69636
23.05125
22.45325
21.86858
21.28972
20.73044
20.16366
19.65392
19.13008
18.65225
18.15960
17.70546
17.23871
16.80175
16.36305
15.93307
15.52321
15.12547
14.74904
14.35575
14.02394
13.64689
13.32671
13.00111
12.70441
12.38804
12.12479
11.83531
11.59457
11.35479
11.12793
10.91501
10.75828
